8 0.1693548387096774 0.5344419998415584 0.0935483870967742 0.926786995987879
8 0.9134408602150538 0.28287547854494227 0.17311827956989248 0.41093502337893406
0 0.9849462365591398 0.13043578234194342 0.002150537634408602 0.046134522686363644
5 0.011827956989247311 0.08782788327479443 0.002150537634408602 0.03232856172019466
29 0.06344086021505377 0.21270303239536809 0.11827956989247312 0.10490240526904397
8 0.3327956989247312 0.22388926621850627 0.08279569892473118 0.28871443300067745
29 0.4306451612903226 0.19465907048563827 0.11290322580645161 0.10904059109047766
29 0.703763440860215 0.18145119372619986 0.011827956989247311 0.10465683317518679
5 0.639247311827957 0.10330195098763985 0.046236559139784944 0.05603189023287166
8 0.48978494623655916 0.5418767314713685 0.00967741935483871 0.9119175327282587
