5 0.13010752688172042 0.08844897458605994 0.08602150537634409 0.03224558488535189
0 0.02204301075268817 0.16487234191927516 0.016129032258064516 0.02788191265576399
25 0.1827956989247312 0.26134734746650734 0.004301075268817204 0.044877633890619294
25 0.09946236559139784 0.2755478793364282 0.0032258064516129032 0.04080281186462428
23 0.5483870967741935 0.23956697805110083 0.9010752688172043 0.1646926161490524
5 0.4381720430107527 0.07778823606868875 0.03118279569892473 0.0219383037688992
34 0.7741935483870968 0.17974097745797957 0.44946236559139785 0.22584378654748083
34 0.024731182795698924 0.14955255149771882 0.04946236559139785 0.16546693462695933
34 0.08763440860215053 0.21510938990943151 0.007526881720430108 0.1426505842343817
0 0.535483870967742 0.12803378317018377 0.01935483870967742 0.12242939797188925
5 0.513978494623656 0.07841273967059773 0.021505376344086023 0.014378159450823092
34 0.41451612903225804 0.16591441470365337 0.15806451612903225 0.19752112471282363
0 0.11290322580645161 0.19108300989005914 0.12043010752688173 0.09565104126227714
