29 0.7569892473118279 0.1753429428601435 0.47096774193548385 0.04367979835003653
8 0.9021505376344086 0.2699372452500115 0.047311827956989246 0.07396305193665755
8 0.6946236559139785 0.2886931722914767 0.22795698924731184 0.18561373497078218
34 0.17258064516129032 0.23388073734808892 0.32150537634408605 0.31858704852370884
34 0.6053763440860215 0.18756368360185974 0.7870967741935484 0.14146478518680122
8 0.10752688172043011 0.24517994987820976 0.2064516129032258 0.3567217313879412
23 0.5360215053763441 0.25346977460557923 0.00967741935483871 0.03431775206876421
33 0.9344086021505377 0.3834766638428819 0.021505376344086023 0.053419355015680625
23 0.36075268817204303 0.24912095004729187 0.054838709677419356 0.06542980063355981
29 0.41236559139784945 0.17352660431861386 0.12580645161290321 0.07119863680632163
