5 0.9295698924731183 0.18660034741569453 0.13440860215053763 0.11664262282334903
33 0.7709677419354839 0.38926592743362615 0.010752688172043012 0.023956261667109523
5 0.7349462365591398 0.18898436375053285 0.03118279569892473 0.08053461894810642
34 0.7758064516129032 0.16060770384819564 0.14731182795698924 0.1870373708195383
34 0.4817204301075269 0.200181742066241 0.6752688172043011 0.23275719333179734
23 0.004838709677419355 0.20749147752336106 0.005376344086021506 0.08976990245820603
34 0.0989247311827957 0.18839220922398428 0.03655913978494624 0.23831004818084603
5 0.041935483870967745 0.1705094596976756 0.08387096774193549 0.20285182346423375
33 0.20483870967741935 0.38301384244216863 0.005376344086021506 0.040051507334148605
5 0.1381720430107527 0.19519288239091726 0.041935483870967745 0.09491531231352415
34 0.9037634408602151 0.26972259278753696 0.19032258064516128 0.05662372927534568
5 0.7790322580645161 0.19386613346813616 0.03333333333333333 0.0685707724830848
5 0.6225806451612903 0.18904471357978223 0.15483870967741936 0.08261897469125412
33 0.44408602150537635 0.38599569048273735 0.0064516129032258064 0.03918244355001211
5 0.6311827956989248 0.1688711198009096 0.16129032258064516 0.09465696835174703
34 0.4731182795698925 0.1554668549851109 0.017204301075268817 0.1763315201918075
5 0.41935483870967744 0.17779604028696697 0.0989247311827957 0.12017507812199676
5 0.5010752688172043 0.19458923446885923 0.04086021505376344 0.10774003560267068
33 0.5833333333333334 0.3984788737328716 0.02043010752688172 0.0387445817185636
0 0.6612903225806451 0.22621454588005027 0.04086021505376344 0.022157085004689353
33 0.989247311827957 0.3856037706048091 0.010752688172043012 0.031280575324743584
23 0.41559139784946236 0.2290945221852966 0.026881720430107527 0.08037821883078826
