23 0.20913978494623656 0.19785257584202345 0.01827956989247312 0.18528314009461008
23 0.7059139784946237 0.24375413157653533 0.03763440860215054 0.03812044349958036
5 0.4591397849462366 0.08566096983797268 0.004301075268817204 0.022157869116502107
23 0.42634408602150536 0.18387690773565543 0.0978494623655914 0.19591788525683265
5 0.317741935483871 0.09094842899734638 0.01827956989247312 0.03791419053380467
23 0.30913978494623656 0.20543699395271448 0.016129032258064516 0.17011430387322804
33 0.22096774193548388 0.4139593547975755 0.02043010752688172 0.11496911068338582
23 0.2693548387096774 0.19137026951990874 0.041935483870967745 0.1636823623066368
34 0.5978494623655914 0.17639691734419377 0.8043010752688172 0.2191556663199092
23 0.14086021505376345 0.1894999461815289 0.07956989247311828 0.23438572969274193
5 0.015053763440860216 0.20979986694785815 0.015053763440860216 0.09457529640870134
8 0.05860215053763441 0.2859661458834989 0.11290322580645161 0.08395678300083517
5 0.3795698924731183 0.0955904972904239 0.0064516129032258064 0.04719832711995973
23 0.8413978494623656 0.21403232577847028 0.02903225806451613 0.116751820547355
5 0.42473118279569894 0.09939762271627715 0.002150537634408602 0.021015803095943114
5 0.9290322580645162 0.08632542260246395 0.012903225806451613 0.026078195955477668
5 0.20806451612903226 0.08087935316663232 0.026881720430107527 0.026078195949369706
