34 0.3473118279569892 0.16811325645587716 0.023655913978494623 0.202588344543276
34 0.6682795698924732 0.1555185094119207 0.0978494623655914 0.03144638989867446
34 0.6833333333333333 0.16649179563367633 0.011827956989247311 0.19934542289887439
34 0.5440860215053763 0.1676621616098839 0.04516129032258064 0.2016861548512895
34 0.39623655913978495 0.16668920229610773 0.005376344086021506 0.1989960789970478
33 0.7876344086021505 0.4018854057548456 0.05913978494623656 0.044488442223214714
23 0.493010752688172 0.23057406936443675 0.02043010752688172 0.10799244186998438
33 0.55 0.401676753096503 0.02258064516129032 0.041263691201425284
0 0.3881720430107527 0.2109892655524059 0.6279569892473118 0.011023048939991837
34 0.7397849462365591 0.17266838289093103 0.034408602150537634 0.21169859741338376
34 0.9376344086021505 0.15428458315716323 0.002150537634408602 0.027818421478564163
34 0.29838709677419356 0.16724667276566355 0.02043010752688172 0.20085517716284879
0 0.07634408602150537 0.07909127733262537 0.015053763440860216 0.01517437880455173
34 0.4731182795698925 0.17378906577956343 0.017204301075268817 0.21393996319064856
34 0.7833333333333333 0.16994147212139274 0.026881720430107527 0.20357624051815396
0 0.12150537634408602 0.1428626247772143 0.002150537634408602 0.14946364291385922
34 0.85 0.15663579004438058 0.06774193548387097 0.033680951163594264
34 0.18870967741935485 0.1564141447157257 0.03118279569892473 0.1787258534856409
33 0.896236559139785 0.3968723812151656 0.02258064516129032 0.05087243496410011
34 0.9779569892473118 0.17307538857888102 0.02043010752688172 0.21251260878928377
0 0.896774193548387 0.2102517641733953 0.1956989247311828 0.009548046181970596
34 0.889247311827957 0.1670919670127691 0.060215053763440864 0.2005457656570599
