6 0.2709677419354839 0.22330701617246726 0.03870967741935484 0.117057668383209
8 0.6333333333333333 0.2923359515087534 0.27956989247311825 0.2230517689725678
8 0.05 0.5767914482105596 0.1 0.8420880992498765
5 0.020967741935483872 0.09008772231200383 0.00967741935483871 0.04653727625552937
29 0.03763440860215054 0.21099120327696844 0.002150537634408602 0.05572906812555843
34 0.18064516129032257 0.18091340428225122 0.030107526881720432 0.22818864019602414
33 0.3650537634408602 0.39787172527006154 0.041935483870967745 0.09034726405102493
33 0.7118279569892473 0.39243686877543255 0.06451612903225806 0.08612645866749832
5 0.460752688172043 0.08601504793267807 0.046236559139784944 0.03839191572408067
5 0.6096774193548387 0.08588740191525512 0.03655913978494624 0.03813662368923476
33 0.9365591397849462 0.5323272939530678 0.010752688172043012 0.93101640776486
5 0.9870967741935484 0.08161560578999794 0.012903225806451613 0.02959303143872039
34 0.4338709677419355 0.17859199104186313 0.14731182795698924 0.22354581371524798
