5 0.8838709677419355 0.10165049161663153 0.012903225806451613 0.025088032148656854
5 0.6731182795698925 0.0815019126334266 0.0064516129032258064 0.02277736792857416
5 0.8247311827956989 0.08293022786767779 0.030107526881720432 0.02482578506368893
5 0.9849462365591398 0.08661066606947727 0.023655913978494623 0.03618412219169313
5 0.008602150537634409 0.08907149436897635 0.012903225806451613 0.043739523610437314
5 0.9295698924731183 0.08667501617158224 0.0032258064516129032 0.03375949133206623
5 0.6059139784946237 0.07914877790148762 0.03978494623655914 0.02112136554767974
5 0.5032258064516129 0.08665876883440192 0.025806451612903226 0.02487402796503663
23 0.6451612903225806 0.19016650542104635 0.6150537634408603 0.1265376239638781
32 0.1967741935483871 0.1991681902910909 0.03225806451612903 0.10853425422378904
5 0.14301075268817204 0.10388988498172586 0.015053763440860216 0.07167744067032468
32 0.13225806451612904 0.2078127788514055 0.02795698924731183 0.12582343134441826
32 0.28279569892473116 0.20498047867865662 0.03225806451612903 0.1510548136688437
23 0.07580645161290323 0.1968574093456474 0.11290322580645161 0.12742747967041806
5 0.39301075268817204 0.09911976606396306 0.08279569892473118 0.0646013637594478
