34 0.9672043010752688 0.2844329185106045 0.013978494623655914 0.05835743349371127
33 0.9543010752688172 0.3662530892648962 0.02043010752688172 0.10776566282506377
33 0.8263440860215053 0.39373052488573806 0.02043010752688172 0.0528107915833801
34 0.7021505376344086 0.14663838095069537 0.12258064516129032 0.1471804096129253
34 0.5290322580645161 0.19337904559525917 0.07526881720430108 0.24600521068656628
33 0.4483870967741935 0.36510851110720965 0.23010752688172043 0.1054765065096906
34 0.9247311827956989 0.12093586189027689 0.010752688172043012 0.10823355541207547
33 0.7241935483870968 0.3707908902803195 0.02043010752688172 0.08960034841636283
33 0.17688172043010753 0.3754515561668536 0.005376344086021506 0.02296544785183542
33 0.043548387096774194 0.39130069434244613 0.06774193548387097 0.030874338258389714
34 0.18548387096774194 0.19136558165893938 0.3709677419354839 0.24899236245774695
23 0.2629032258064516 0.2101632046165409 0.5258064516129032 0.14160220250083672
23 0.9844086021505376 0.1990991508415465 0.03118279569892473 0.16373031005082547
23 0.8435483870967742 0.1968172252964794 0.14946236559139786 0.16829416114095969
33 0.2698924731182796 0.38878901022899914 0.01935483870967742 0.031942754364601665
