29 0.40161290322580645 0.5 0.04408602150537634 1.0
0 0.31666666666666665 0.5 0.03978494623655914 1.0
7 0.3118279569892473 0.5 0.06666666666666667 1.0
7 0.07903225806451612 0.5 0.06129032258064516 1.0
0 0.38225806451612904 0.5 0.00967741935483871 1.0
29 0.2731182795698925 0.5 0.002150537634408602 1.0
0 0.45376344086021503 0.5 0.010752688172043012 1.0
0 0.29838709677419356 0.5 0.0032258064516129032 1.0
17 0.3897849462365591 0.5 0.005376344086021506 1.0
0 0.2510752688172043 0.5 0.0032258064516129032 1.0
0 0.3139784946236559 0.5 0.004301075268817204 1.0
29 0.24086021505376345 0.5 0.002150537634408602 1.0
7 0.210752688172043 0.5 0.03225806451612903 1.0
0 0.23279569892473118 0.5 0.00967741935483871 1.0
29 0.48440860215053766 0.5 0.08709677419354839 1.0
7 0.2564516129032258 0.5 0.013978494623655914 1.0
0 0.03118279569892473 0.5 0.008602150537634409 1.0
7 0.037096774193548385 0.5 0.011827956989247311 1.0
0 0.011827956989247311 0.5 0.023655913978494623 1.0
0 0.06935483870967742 0.5 0.02258064516129032 1.0
29 0.06344086021505377 0.5 0.004301075268817204 1.0
0 0.10483870967741936 0.5 0.04838709677419355 1.0
7 0.4026881720430108 0.5 0.007526881720430108 1.0
0 0.18655913978494623 0.5 0.013978494623655914 1.0
7 0.639247311827957 0.5 0.007526881720430108 1.0
0 0.30483870967741933 0.5 0.00967741935483871 1.0
7 0.785483870967742 0.5 0.01827956989247312 1.0
9 0.4338709677419355 0.5 0.5838709677419355 1.0
7 0.7473118279569892 0.5 0.043010752688172046 1.0
7 0.8010752688172043 0.5 0.0064516129032258064 1.0
23 0.789247311827957 0.5 0.0064516129032258064 1.0
0 0.789247311827957 0.5 0.0064516129032258064 1.0
0 0.3473118279569892 0.5 0.0064516129032258064 1.0
5 0.9908602150537634 0.5 0.005376344086021506 1.0
7 0.8795698924731182 0.5 0.015053763440860216 1.0
7 0.8333333333333334 0.5 0.012903225806451613 1.0
0 0.8559139784946237 0.5 0.0064516129032258064 1.0
29 0.9290322580645162 0.5 0.13548387096774195 1.0
7 0.45376344086021503 0.5 0.015053763440860216 1.0
5 0.8897849462365591 0.5 0.013978494623655914 1.0
0 0.8188172043010753 0.5 0.011827956989247311 1.0
14 0.7672043010752688 0.5 0.016129032258064516 1.0
1 0.810752688172043 0.5 0.0064516129032258064 1.0
7 0.6865591397849462 0.5 0.01827956989247312 1.0
7 0.5913978494623656 0.5 0.008602150537634409 1.0
7 0.9833333333333333 0.5 0.011827956989247311 1.0
1 0.7569892473118279 0.5 0.0064516129032258064 1.0
7 0.4967741935483871 0.5 0.0064516129032258064 1.0
7 0.535483870967742 0.5 0.010752688172043012 1.0
29 0.5532258064516129 0.5 0.005376344086021506 1.0
0 0.5682795698924731 0.5 0.005376344086021506 1.0
29 0.6478494623655914 0.5 0.06559139784946237 1.0
23 0.621505376344086 0.5 0.012903225806451613 1.0
0 0.5376344086021505 0.5 0.008602150537634409 1.0
