0 0.9241935483870968 0.23889994770716033 0.04838709677419355 0.10325383595336321
9 0.953763440860215 0.15621852377893194 0.07096774193548387 0.049166828511685697
1 0.9543010752688172 0.24076647498505763 0.005376344086021506 0.08750081964209871
0 0.9758064516129032 0.26078717939448887 0.03118279569892473 0.06926399324360483
1 0.9833333333333333 0.20043096601394333 0.03333333333333333 0.10008896457567874
0 0.8580645161290322 0.21647380320618972 0.008602150537634409 0.08335253980789983
1 0.7021505376344086 0.19044933166350606 0.012903225806451613 0.038902649350448945
37 0.821505376344086 0.2603252887977917 0.008602150537634409 0.09280972040962963
0 0.2446236559139785 0.16802849659618327 0.06774193548387097 0.15581956605012212
0 0.1446236559139785 0.3890481371954481 0.026881720430107527 0.034331325028975096
0 0.12473118279569892 0.19194423244853245 0.004301075268817204 0.06636139686456888
0 0.7478494623655914 0.25217604997695237 0.0032258064516129032 0.06230428549925125
14 0.0467741935483871 0.17307377838235144 0.02043010752688172 0.0656681087751143
28 0.7698924731182796 0.22872315048492362 0.0064516129032258064 0.10212868629987
37 0.760752688172043 0.2532811062705707 0.011827956989247311 0.09673483790576254
9 0.8327956989247312 0.16380758603739168 0.01827956989247312 0.05058446565346748
35 0.8150537634408602 0.2765645199327097 0.0064516129032258064 0.02792469150226451
1 0.07204301075268817 0.21929421746679445 0.043010752688172046 0.10155206777582945
9 0.06989247311827956 0.15695194148444466 0.017204301075268817 0.05050883657389028
0 0.8774193548387097 0.20869148305379762 0.010752688172043012 0.15883558618339164
0 0.1053763440860215 0.22588572054335002 0.008602150537634409 0.03197012840923897
9 0.1639784946236559 0.16054983772658973 0.0978494623655914 0.05378368357075357
28 0.803763440860215 0.24800510960363387 0.00967741935483871 0.08020833308371919
0 0.8021505376344086 0.1929277885767674 0.030107526881720432 0.0848141375376029
19 0.7827956989247312 0.19722152318348632 0.0064516129032258064 0.06566417799706918
14 0.0989247311827957 0.16002202921378086 0.030107526881720432 0.056649012032562694
14 0.8543010752688172 0.1588991157829775 0.024731182795698924 0.060401406162295855
37 0.8478494623655914 0.2583154026706685 0.011827956989247311 0.09682949266387597
9 0.4731182795698925 0.16047761802487392 0.21935483870967742 0.055381503862190415
0 0.01129032258064516 0.14803873005973467 0.013978494623655914 0.16243929175099106
1 0.02204301075268817 0.1824582759968226 0.007526881720430108 0.09360019987681521
0 0.02903225806451613 0.2525457650730322 0.012903225806451613 0.03823967559601671
25 0.035483870967741936 0.2749883736391287 0.010752688172043012 0.029893943275987676
9 0.23172043010752688 0.15809411887042504 0.016129032258064516 0.037185097893460216
37 0.7150537634408602 0.26605753263842474 0.012903225806451613 0.11030904304294387
0 0.34623655913978496 0.18422509514223387 0.0989247311827957 0.06953014048450927
0 0.8295698924731183 0.21424275182459288 0.007526881720430108 0.10346492424344249
0 0.5672043010752689 0.23097764571344326 0.03118279569892473 0.1142632608641004
0 0.5849462365591398 0.21798114617140424 0.004301075268817204 0.08255445052434295
0 0.5935483870967742 0.23363669637761292 0.008602150537634409 0.05346620652371591
0 0.7424731182795699 0.24222042459348794 0.001075268817204301 0.05659999200102217
0 0.7435483870967742 0.18789882647111913 0.005376344086021506 0.06013927006765511
28 0.7247311827956989 0.2162183865265091 0.008602150537634409 0.10177582485557116
0 0.4596774193548387 0.21960401770826396 0.013978494623655914 0.03532664317417405
1 0.5467741935483871 0.2041596823169261 0.005376344086021506 0.06062733407106611
0 0.7220430107526882 0.3963823343676258 0.1924731182795699 0.05265773477380689
1 0.6064516129032258 0.20189529923563684 0.004301075268817204 0.06935952839622325
9 0.7026881720430107 0.16139952289215448 0.22258064516129034 0.061673200374605844
0 0.42258064516129035 0.24349956058682043 0.008602150537634409 0.04495130671898735
0 0.34946236559139787 0.2632958285120863 0.08387096774193549 0.10076590483958132
28 0.696236559139785 0.2387984701143924 0.007526881720430108 0.07963403847176528
0 0.489247311827957 0.24196383372785657 0.10967741935483871 0.10938160799475573
0 0.4129032258064516 0.23431983316808774 0.02795698924731183 0.10757888595481144
9 0.31666666666666665 0.1603365309218931 0.07419354838709677 0.05544187318612239
0 0.6790322580645162 0.2172006819278128 0.02258064516129032 0.1280800383826702
28 0.6559139784946236 0.24108708078654206 0.0064516129032258064 0.10375242076468831
1 0.6413978494623656 0.19715739142626068 0.005376344086021506 0.05799558269285152
37 0.6381720430107527 0.2606960056762412 0.02258064516129032 0.08951036848270928
0 0.015053763440860216 0.26243267818284427 0.0064516129032258064 0.0347096309040287
