14 0.45645161290322583 0.5 0.01827956989247312 1.0
0 0.9311827956989247 0.5 0.13333333333333333 1.0
0 0.7908602150537635 0.5 0.08064516129032258 1.0
0 0.7397849462365591 0.5 0.012903225806451613 1.0
0 0.6817204301075269 0.5 0.002150537634408602 1.0
0 0.3333333333333333 0.5 0.017204301075268817 1.0
0 0.5112903225806451 0.5 0.17311827956989248 1.0
0 0.2989247311827957 0.5 0.13333333333333333 1.0
0 0.17903225806451614 0.5 0.007526881720430108 1.0
0 0.621505376344086 0.5 0.01935483870967742 1.0
0 0.12365591397849462 0.5 0.16989247311827957 1.0
