0 0.8306451612903226 0.5 0.013978494623655914 1.0
14 0.8682795698924731 0.5 0.035483870967741936 1.0
0 0.9112903225806451 0.5 0.0032258064516129032 1.0
5 0.6698924731182796 0.5 0.015053763440860216 1.0
35 0.5327956989247312 0.5 0.013978494623655914 1.0
14 0.5935483870967742 0.5 0.034408602150537634 1.0
25 0.410752688172043 0.5 0.008602150537634409 1.0
14 0.7102150537634409 0.5 0.024731182795698924 1.0
35 0.9629032258064516 0.5 0.05268817204301075 1.0
14 0.15161290322580645 0.5 0.02795698924731183 1.0
0 0.6946236559139785 0.5 0.008602150537634409 1.0
0 0.03494623655913978 0.5 0.0032258064516129032 1.0
0 0.0064516129032258064 0.5 0.008602150537634409 1.0
14 0.31344086021505374 0.5 0.03763440860215054 1.0
14 0.18924731182795698 0.5 0.03225806451612903 1.0
23 0.21129032258064517 0.5 0.03978494623655914 1.0
14 0.07096774193548387 0.5 0.02795698924731183 1.0
25 0.3225806451612903 0.5 0.023655913978494623 1.0
0 0.0935483870967742 0.5 0.002150537634408602 1.0
25 0.07795698924731183 0.5 0.02903225806451613 1.0
