0 0.878494623655914 0.5 0.03225806451612903 1.0
31 0.6333333333333333 0.5 0.02795698924731183 1.0
0 0.6419354838709678 0.5 0.0064516129032258064 1.0
0 0.9451612903225807 0.5 0.04086021505376344 1.0
31 0.9016129032258065 0.5 0.016129032258064516 1.0
0 0.85 0.5 0.007526881720430108 1.0
0 0.6881720430107527 0.5 0.0064516129032258064 1.0
0 0.8129032258064516 0.5 0.04516129032258064 1.0
0 0.7688172043010753 0.5 0.0064516129032258064 1.0
31 0.739247311827957 0.5 0.01827956989247312 1.0
31 0.7032258064516129 0.5 0.01935483870967742 1.0
31 0.8473118279569892 0.5 0.030107526881720432 1.0
27 0.6516129032258065 0.5 0.004301075268817204 1.0
31 0.9897849462365591 0.5 0.01827956989247312 1.0
27 0.5951612903225807 0.5 0.0032258064516129032 1.0
31 0.18494623655913978 0.5 0.017204301075268817 1.0
31 0.5349462365591398 0.5 0.024731182795698924 1.0
0 0.6053763440860215 0.5 0.023655913978494623 1.0
31 0.4381720430107527 0.5 0.001075268817204301 1.0
31 0.02956989247311828 0.5 0.041935483870967745 1.0
0 0.432258064516129 0.5 0.004301075268817204 1.0
0 0.4172043010752688 0.5 0.002150537634408602 1.0
0 0.5532258064516129 0.5 0.03978494623655914 1.0
1 0.02795698924731183 0.5 0.008602150537634409 1.0
31 0.08172043010752689 0.5 0.012903225806451613 1.0
27 0.2118279569892473 0.5 0.012903225806451613 1.0
31 0.40860215053763443 0.5 0.012903225806451613 1.0
31 0.30591397849462365 0.5 0.016129032258064516 1.0
31 0.339247311827957 0.5 0.024731182795698924 1.0
0 0.3956989247311828 0.5 0.004301075268817204 1.0
31 0.4650537634408602 0.5 0.005376344086021506 1.0
1 0.2295698924731183 0.5 0.02258064516129032 1.0
