29 0.603225806451613 0.5 0.043010752688172046 1.0
14 0.7951612903225806 0.5 0.024731182795698924 1.0
29 0.5048387096774194 0.5 0.02043010752688172 1.0
14 0.31344086021505374 0.5 0.026881720430107527 1.0
29 0.26505376344086023 0.5 0.02043010752688172 1.0
14 0.4962365591397849 0.5 0.03118279569892473 1.0
0 0.2860215053763441 0.5 0.012903225806451613 1.0
29 0.3155913978494624 0.5 0.03763440860215054 1.0
14 0.6655913978494624 0.5 0.025806451612903226 1.0
0 0.25053763440860216 0.5 0.004301075268817204 1.0
14 0.4172043010752688 0.5 0.017204301075268817 1.0
29 0.843010752688172 0.5 0.15268817204301074 1.0
29 0.7048387096774194 0.5 0.03763440860215054 1.0
29 0.1575268817204301 0.5 0.11720430107526882 1.0
26 0.9940860215053764 0.5 0.00967741935483871 1.0
29 0.06344086021505377 0.5 0.03225806451612903 1.0
29 0.40913978494623654 0.5 0.11505376344086021 1.0
14 0.5424731182795699 0.5 0.026881720430107527 1.0
26 0.960752688172043 0.5 0.024731182795698924 1.0
29 0.964516129032258 0.5 0.03225806451612903 1.0
14 0.9268817204301075 0.5 0.030107526881720432 1.0
14 0.17849462365591398 0.5 0.025806451612903226 1.0
