26 0.7091397849462365 0.5 0.026881720430107527 1.0
14 0.6811827956989247 0.5 0.03118279569892473 1.0
29 0.16129032258064516 0.5 0.07311827956989247 1.0
0 0.7865591397849462 0.5 0.054838709677419356 1.0
0 0.12795698924731183 0.5 0.03225806451612903 1.0
0 0.9876344086021506 0.5 0.02043010752688172 1.0
0 0.6397849462365591 0.5 0.05161290322580645 1.0
29 0.7483870967741936 0.5 0.021505376344086023 1.0
29 0.035483870967741936 0.5 0.07096774193548387 1.0
0 0.939247311827957 0.5 0.024731182795698924 1.0
0 0.7774193548387097 0.5 0.14193548387096774 1.0
26 0.21505376344086022 0.5 0.02795698924731183 1.0
0 0.896774193548387 0.5 0.004301075268817204 1.0
29 0.8231182795698925 0.5 0.011827956989247311 1.0
29 0.3639784946236559 0.5 0.1086021505376344 1.0
0 0.5145161290322581 0.5 0.06559139784946237 1.0
27 0.35913978494623655 0.5 0.004301075268817204 1.0
27 0.27204301075268816 0.5 0.017204301075268817 1.0
0 0.8666666666666667 0.5 0.008602150537634409 1.0
29 0.4521505376344086 0.5 0.013978494623655914 1.0
14 0.8973118279569893 0.5 0.024731182795698924 1.0
27 0.5956989247311828 0.5 0.004301075268817204 1.0
