0 0.5086021505376344 0.2411491621730893 0.06236559139784946 0.07153058428954591
0 0.3811827956989247 0.22455094261566616 0.007526881720430108 0.10472702340439219
23 0.33978494623655914 0.2279558775702796 0.008602150537634409 0.10111162979072907
14 0.9704301075268817 0.16680293773742516 0.024731182795698924 0.05557409933433177
23 0.9602150537634409 0.2456134099263679 0.008602150537634409 0.08859671874781173
23 0.8924731182795699 0.2414242108586401 0.023655913978494623 0.09366844690809809
14 0.35376344086021505 0.167472732805577 0.02795698924731183 0.05691368947063546
0 0.863978494623656 0.21729392901305117 0.005376344086021506 0.08500869756282288
23 0.16666666666666666 0.2354527460204316 0.008602150537634409 0.10561137658451508
1 0.4870967741935484 0.1881288095074513 0.01935483870967742 0.07043110659359741
14 0.9161290322580645 0.1720989185633805 0.034408602150537634 0.061139001277577494
0 0.4731182795698925 0.21925340610591856 0.0064516129032258064 0.0810897433770881
23 0.4478494623655914 0.2321879268870836 0.007526881720430108 0.09908173831781905
14 0.4650537634408602 0.17219987904928782 0.024731182795698924 0.06636798195805707
29 0.1456989247311828 0.18542683204428936 0.03763440860215054 0.09282188794806018
14 0.7903225806451613 0.16215000866290769 0.017204301075268817 0.04626824118529677
14 0.85 0.16631102738400746 0.024731182795698924 0.06461153461939742
0 0.44086021505376344 0.23565762193799197 0.004301075268817204 0.06054750381935123
0 0.7091397849462365 0.21886183193730302 0.07204301075268817 0.06979478320275394
0 0.42311827956989245 0.21859917023468883 0.007526881720430108 0.08239821511954755
35 0.43010752688172044 0.22100657030039514 0.008602150537634409 0.04477955121337795
0 0.8569892473118279 0.1645406353944004 0.008602150537634409 0.028335798045948216
14 0.6193548387096774 0.16312109746777304 0.025806451612903226 0.0649072333134714
25 0.9704301075268817 0.2664728145607434 0.007526881720430108 0.040281680091853234
27 0.25 0.18408673794469743 0.0032258064516129032 0.09265110414054986
8 0.9231182795698925 0.27817023431744736 0.07419354838709677 0.025582513323226665
14 0.7182795698924731 0.16978640831074723 0.021505376344086023 0.036288406895354786
0 0.6295698924731182 0.2272877271981581 0.054838709677419356 0.06806945721692172
14 0.110752688172043 0.16886287008364786 0.02795698924731183 0.062203368418450734
14 0.02849462365591398 0.16371873000989062 0.02043010752688172 0.06442169506200826
0 0.13709677419354838 0.4043156844748068 0.14516129032258066 0.047810760282343934
0 0.8279569892473119 0.2167555891635489 0.04086021505376344 0.04165202324530827
0 0.22580645161290322 0.22616527943072579 0.0064516129032258064 0.1208967503518885
14 0.22903225806451613 0.16501388643984874 0.023655913978494623 0.06451586816662529
27 0.21397849462365592 0.17007161536892532 0.004301075268817204 0.10935728598917945
0 0.771505376344086 0.20429032253834756 0.007526881720430108 0.0899940894280787
0 0.2564516129032258 0.2194484218094445 0.007526881720430108 0.10229826876686474
23 0.7580645161290323 0.2541527443313099 0.01935483870967742 0.03602705531921303
14 0.5172043010752688 0.17084215363621427 0.030107526881720432 0.06365253113190994
14 0.278494623655914 0.16708815084052786 0.03225806451612903 0.07116053672328275
0 0.556989247311828 0.21102925548234605 0.0064516129032258064 0.08545993611266789
27 0.5989247311827957 0.20484035017231209 0.0064516129032258064 0.10385418792331895
0 0.5779569892473119 0.2349780372270673 0.00967741935483871 0.06190667324120052
0 0.5693548387096774 0.2151884221539228 0.005376344086021506 0.030447735722099127
0 0.5521505376344086 0.18321593310475703 0.005376344086021506 0.08588796280995424
29 0.18494623655913978 0.1893748819723007 0.008602150537634409 0.09065251759244734
0 0.3010752688172043 0.22810350772187774 0.0064516129032258064 0.1170202937695846
23 0.2682795698924731 0.2501544615739497 0.016129032258064516 0.08954118309126669
23 0.016129032258064516 0.24098290909041933 0.017204301075268817 0.08473222879342633
23 0.5575268817204301 0.2517564873169353 0.01827956989247312 0.028349773061464564
