0 0.8263440860215053 0.16368168648095413 0.03763440860215054 0.009681054544816681
0 0.4456989247311828 0.18302256234219974 0.041935483870967745 0.07387674203055881
5 0.8994623655913978 0.21122208641376472 0.06129032258064516 0.10604543742476023
0 0.8446236559139785 0.23855783784608223 0.007526881720430108 0.042164982216679636
23 0.8317204301075268 0.24432544440290802 0.00967741935483871 0.011033486800283704
0 0.7478494623655914 0.21136899733229905 0.02043010752688172 0.024828463292720312
0 0.7231182795698925 0.16272529248529374 0.001075268817204301 0.018722897403957578
0 0.7451612903225806 0.4016961925891226 0.11827956989247312 0.044445783950395785
1 0.6645161290322581 0.21057798188148585 0.015053763440860216 0.04203785334657312
0 0.6860215053763441 0.16406952392164564 0.07526881720430108 0.05364799850830439
0 0.582258064516129 0.3814951683209338 0.01827956989247312 0.01607157749268915
0 0.513978494623656 0.22412587107510884 0.0064516129032258064 0.06646469579862198
0 0.8994623655913978 0.21122208641376472 0.06129032258064516 0.10604543742476023
5 0.9951612903225806 0.19475543897426018 0.005376344086021506 0.06797255614348618
0 0.16989247311827957 0.22486191154137702 0.002150537634408602 0.00918417418258436
0 0.023655913978494623 0.40724672995361816 0.03225806451612903 0.043108816121845014
0 0.25806451612903225 0.22049008745172732 0.010752688172043012 0.049811604323098536
9 0.1924731182795699 0.16505252562675587 0.002150537634408602 0.054355935809169066
9 0.1349462365591398 0.15685145306664858 0.013978494623655914 0.044237264680646024
9 0.01935483870967742 0.1672405512454472 0.025806451612903226 0.04864228096474283
0 0.5956989247311828 0.16702289942420756 0.025806451612903226 0.029161047175451878
0 0.9473118279569892 0.4103061084336116 0.07096774193548387 0.033699727550059316
14 0.011827956989247311 0.15747930068744417 0.010752688172043012 0.04298156943905483
0 0.9822580645161291 0.1633647051733021 0.01827956989247312 0.011613400240948056
0 0.3580645161290323 0.21740863044546851 0.0064516129032258064 0.053030214539341355
0 0.5881720430107527 0.24874904435188885 0.023655913978494623 0.05134066482570158
