38 0.5048387096774194 0.3779554371465626 0.007526881720430108 0.015541569614160746
38 0.18655913978494623 0.3779554371465626 0.00967741935483871 0.015541569614160746
14 0.4946236559139785 0.15473448404294787 0.015053763440860216 0.03278876586183436
23 0.5365591397849462 0.2573133632528485 0.01935483870967742 0.09773105123191998
14 0.5381720430107527 0.16745474019587356 0.026881720430107527 0.05822927816768574
28 0.4956989247311828 0.20385082450183167 0.034408602150537634 0.030167143920469684
0 0.4908602150537634 0.23258171125749594 0.035483870967741936 0.03465599977774853
38 0.471505376344086 0.3808083244024724 0.005376344086021506 0.015786272470320006
23 0.45161290322580644 0.21678945452107065 0.012903225806451613 0.10190705446978839
28 0.5618279569892473 0.21860707508595006 0.03333333333333333 0.0640347215129361
38 0.44086021505376344 0.3808083244024724 0.0064516129032258064 0.015786272470320006
26 0.443010752688172 0.2182551045938157 0.010752688172043012 0.024401960099122665
28 0.6376344086021506 0.21851465084040117 0.06236559139784946 0.0594947965976087
14 0.5827956989247312 0.1566967391905749 0.021505376344086023 0.04257366565612026
23 0.0489247311827957 0.22560783502807716 0.02258064516129032 0.09524852601888428
14 0.9935483870967742 0.16011510898999004 0.010752688172043012 0.046482057540153006
9 0.6978494623655914 0.15903715707631336 0.08817204301075268 0.05017916683484516
23 0.9365591397849462 0.25074664089433435 0.01935483870967742 0.10678425915698148
23 0.6752688172043011 0.24673712245042653 0.015053763440860216 0.09876522226916587
28 0.7118279569892473 0.20374017390436744 0.01935483870967742 0.04845077931507134
23 0.8731182795698925 0.25776537181431025 0.004301075268817204 0.07276611523350687
0 0.8806451612903226 0.2326054478721075 0.03655913978494624 0.05945712382707381
23 0.6069892473118279 0.25307794491252444 0.016129032258064516 0.09404764073654022
23 0.7994623655913978 0.23916239947104773 0.02258064516129032 0.12388665734431248
0 0.9258064516129032 0.18785430023839805 0.017204301075268817 0.0902095312085829
14 0.7505376344086021 0.17066878934752777 0.030107526881720432 0.0675894182552285
26 0.4010752688172043 0.22644123993904183 0.015053763440860216 0.02312564489023489
0 0.4521505376344086 0.1734461244413792 0.03118279569892473 0.05253876270040311
14 0.6650537634408602 0.15800723402701122 0.0978494623655914 0.05687221420014491
14 0.8268817204301075 0.1574452892343794 0.10752688172043011 0.060113195206855166
14 0.43333333333333335 0.15971207137410284 0.023655913978494623 0.04421042185291905
9 0.44247311827956987 0.1574129656232674 0.07204301075268817 0.03961221035124817
28 0.956989247311828 0.219680401853843 0.04946236559139785 0.057163294570725054
38 0.5381720430107527 0.3814466988407808 0.005376344086021506 0.011521689716755473
14 0.19301075268817205 0.17017864299812044 0.02043010752688172 0.035626263873487364
28 0.8225806451612904 0.21683358876578374 0.11182795698924732 0.05768362766183919
28 0.16344086021505377 0.2227790683656288 0.025806451612903226 0.06491668684049526
28 0.016666666666666666 0.21671228117795263 0.026881720430107527 0.05278311246514293
38 0.13602150537634408 0.3821936573100177 0.005376344086021506 0.013015606655229349
38 0.22634408602150538 0.378020732529798 0.007526881720430108 0.018373622338721078
26 0.08817204301075268 0.21888884508635326 0.025806451612903226 0.03992256836764144
38 0.06827956989247312 0.3795210946296598 0.00967741935483871 0.021374346538444715
28 0.0913978494623656 0.2158967448493135 0.06881720430107527 0.0527063591779216
0 0.07634408602150537 0.1718914129897332 0.04086021505376344 0.03607700564522722
9 0.17526881720430107 0.1616073725440694 0.35053763440860214 0.058615815276260204
26 0.13440860215053763 0.23154271345780847 0.012903225806451613 0.031710854050988946
14 0.01881720430107527 0.165889033975242 0.02903225806451613 0.055097865726422605
28 0.04139784946236559 0.18107355877192172 0.02043010752688172 0.012287206674990891
26 0.19946236559139785 0.2146299047219753 0.013978494623655914 0.026671317679855658
26 0.4236559139784946 0.22278215693853023 0.015053763440860216 0.02706864679609603
38 0.02849462365591398 0.37932070506047766 0.00967741935483871 0.012811033786330564
38 0.2537634408602151 0.3779011039970728 0.008602150537634409 0.012712192719557517
38 0.39946236559139786 0.3808083244024724 0.00967741935483871 0.015786272470320006
38 0.3096774193548387 0.3786356147954685 0.008602150537634409 0.014181214316348922
23 0.20806451612903226 0.2527942256055882 0.02903225806451613 0.11087942857948913
28 0.16774193548387098 0.18776204660181448 0.05591397849462366 0.030229678713512165
9 0.3774193548387097 0.15704657550940251 0.002150537634408602 0.04034499057897795
23 0.3870967741935484 0.25438228081428294 0.0064516129032258064 0.08545592573440108
26 0.3725806451612903 0.2367324618792082 0.01827956989247312 0.025423305533520228
38 0.3580645161290323 0.3793762756682263 0.008602150537634409 0.01566253606186449
14 0.3521505376344086 0.16469726923265418 0.026881720430107527 0.05124691142545398
5 0.36666666666666664 0.17324926939858895 0.0967741935483871 0.12782048157473408
23 0.30806451612903224 0.2675571530328214 0.01827956989247312 0.059106181297324194
28 0.3790322580645161 0.20652387599653274 0.024731182795698924 0.03274264169596539
27 0.2752688172043011 0.189722516788715 0.004301075268817204 0.05679662985984998
14 0.9564516129032258 0.16622400644275467 0.024731182795698924 0.0733057590316318
26 0.2537634408602151 0.21954917777064073 0.01935483870967742 0.03017135859099737
28 0.2693548387096774 0.2184283210571949 0.07419354838709677 0.05621519222362749
0 0.2564516129032258 0.17306095688019787 0.07849462365591398 0.0723737533205687
14 0.139247311827957 0.15781144545978945 0.03333333333333333 0.04187473047975183
14 0.31129032258064515 0.1644201256024864 0.024731182795698924 0.061697094701166424
14 0.3849462365591398 0.1612925544421972 0.021505376344086023 0.050301573369772964
