5 0.0989247311827957 0.19608386298864738 0.0989247311827957 0.052761463777175666
26 0.01827956989247312 0.2370360134516389 0.03655913978494624 0.038133410488753246
26 0.2075268817204301 0.2323937473969323 0.030107526881720432 0.03776731936628497
26 0.8693548387096774 0.2363918074826375 0.03763440860215054 0.027854425210804525
14 0.3161290322580645 0.15880542463375835 0.017204301075268817 0.04701415490387865
14 0.9096774193548387 0.15665744335842738 0.02795698924731183 0.03949218746626718
14 0.7849462365591398 0.15918848615989029 0.021505376344086023 0.044554273069193
14 0.8467741935483871 0.16729037011661133 0.02258064516129032 0.05914335166642387
14 0.3704301075268817 0.15749931984306503 0.02903225806451613 0.041175940435542485
14 0.4236559139784946 0.16012440700793015 0.025806451612903226 0.052873816659014375
14 0.006989247311827957 0.15759770699117762 0.013978494623655914 0.049429590189040105
14 0.5612903225806452 0.16373681448468685 0.021505376344086023 0.04394560399787414
