23 0.48870967741935484 0.23532643638036202 0.011827956989247311 0.023375601933980934
9 0.5811827956989247 0.1604735754215631 0.13870967741935483 0.05607389586148426
23 0.5295698924731183 0.23865919344216469 0.011827956989247311 0.018719294228837516
23 0.5951612903225807 0.2327799764101187 0.011827956989247311 0.018490532846009818
23 0.617741935483871 0.23279933045014925 0.011827956989247311 0.020438518854851064
23 0.0521505376344086 0.2451949571501728 0.005376344086021506 0.07719766575404928
23 0.6844086021505377 0.25283888914944463 0.007526881720430108 0.056695582010559506
23 0.932258064516129 0.23149373916611202 0.015053763440860216 0.12027959212423485
14 0.7505376344086021 0.15916344970540688 0.025806451612903226 0.0542754335553409
14 0.014516129032258065 0.16479009714232382 0.02903225806451613 0.05790318402820554
14 0.9897849462365591 0.16484953918387196 0.01827956989247312 0.061426380543868446
0 0.6741935483870968 0.24699825530611333 0.010752688172043012 0.041178349841229214
26 0.9666666666666667 0.23754291412542242 0.030107526881720432 0.0413114116466864
23 0.6645161290322581 0.23423389895401953 0.015053763440860216 0.017569381847110505
9 0.9080645161290323 0.15870376494196234 0.16451612903225807 0.06101230510432262
14 0.37311827956989246 0.16077082023718578 0.02795698924731183 0.053268942650496046
14 0.49408602150537634 0.15989543175966664 0.02903225806451613 0.05321849131556375
23 0.7456989247311828 0.24705567538984902 0.016129032258064516 0.07347622927469684
23 0.210752688172043 0.24145081367817628 0.017204301075268817 0.09359841871471986
14 0.2575268817204301 0.15597864825205143 0.02043010752688172 0.05386881740369803
5 0.37311827956989246 0.18518824411484275 0.1913978494623656 0.0940368036068129
9 0.2532258064516129 0.16197848851981825 0.04408602150537634 0.045456414895225505
23 0.5629032258064516 0.23584981936179872 0.02043010752688172 0.08057417981198506
14 0.20591397849462365 0.15555533467185076 0.02903225806451613 0.05471544456409942
26 0.1817204301075269 0.24308891073083175 0.02795698924731183 0.015915787679677808
14 0.1489247311827957 0.1606762352937998 0.013978494623655914 0.04626619657983967
23 0.12096774193548387 0.25248104391254217 0.02258064516129032 0.06929824212745417
26 0.3655913978494624 0.2371159443756864 0.023655913978494623 0.00981859691487441
23 0.28118279569892474 0.24445568916422578 0.00967741935483871 0.08311704623999493
