23 0.9150537634408602 0.22431893374355946 0.017204301075268817 0.11408964955406063
23 0.7204301075268817 0.22080239754898223 0.023655913978494623 0.09877801625610855
9 0.8908602150537634 0.1555506440526171 0.1881720430107527 0.03671207070201168
0 0.9602150537634409 0.17550612733816534 0.023655913978494623 0.04758134041696873
23 0.5806451612903226 0.21286544610759905 0.030107526881720432 0.12878787051691834
14 0.7451612903225806 0.16306839075544546 0.021505376344086023 0.048539522514923515
14 0.6317204301075269 0.1630909685897689 0.02258064516129032 0.05018924018788023
23 0.6532258064516129 0.24498966114074924 0.007526881720430108 0.05642727693715951
23 0.9736559139784946 0.2542644699903817 0.024731182795698924 0.048032778215189996
9 0.1043010752688172 0.15510600945945582 0.20430107526881722 0.03261475992294426
14 0.510752688172043 0.167444812430876 0.021505376344086023 0.06370397023154739
14 0.07311827956989247 0.15485835396270972 0.021505376344086023 0.04811588295933418
14 0.460752688172043 0.16684821352386103 0.02043010752688172 0.05288666002848292
14 0.16129032258064516 0.16481629827504354 0.025806451612903226 0.05524337914686457
9 0.5134408602150538 0.15640052822931122 0.35161290322580646 0.04001410490523747
23 0.7897849462365591 0.21991842592232294 0.02043010752688172 0.10858900211906002
0 0.39301075268817204 0.1420794223335097 0.005376344086021506 0.024151763364607476
14 0.3204301075268817 0.16561830867322977 0.023655913978494623 0.05363935835049214
5 0.2489247311827957 0.21740844845559723 0.046236559139784944 0.10356904718560858
0 0.2978494623655914 0.2155549757759562 0.004301075268817204 0.02213330418138157
23 0.8483870967741935 0.21827280488244577 0.012903225806451613 0.11188024419881434
