28 0.9758064516129032 0.19264166433531407 0.01827956989247312 0.028988366131828754
0 0.31451612903225806 0.2298092131565237 0.005376344086021506 0.0051453520772027535
0 0.34086021505376346 0.21322986024282994 0.0064516129032258064 0.048703481086746124
14 0.3919354838709677 0.16931752239637968 0.03118279569892473 0.06335150315503627
19 0.4376344086021505 0.21248033859676377 0.043010752688172046 0.04239244869131493
23 0.4220430107526882 0.25332010305162445 0.007526881720430108 0.07746050014932972
19 0.4935483870967742 0.21132644633160397 0.03870967741935484 0.04729654682814671
23 0.46720430107526884 0.2502510142206175 0.011827956989247311 0.10825972127090562
26 0.5123655913978494 0.2271433257884021 0.02258064516129032 0.04740051053002257
14 0.5241935483870968 0.16700760481716967 0.035483870967741936 0.06552845103019693
23 0.5166666666666667 0.25145071298870786 0.013978494623655914 0.0811992802751629
0 0.5639784946236559 0.17827549001343215 0.007526881720430108 0.028429451319376946
19 0.5553763440860215 0.21364529350014766 0.024731182795698924 0.05433024136034254
14 0.4327956989247312 0.1623609190201407 0.02903225806451613 0.06752046913004801
1 0.2967741935483871 0.2081414070184645 0.01935483870967742 0.04332246839697629
5 0.1543010752688172 0.17605883393787827 0.026881720430107527 0.07456414066362575
1 0.2672043010752688 0.2182688695345816 0.01827956989247312 0.04914098311985969
9 0.5086021505376344 0.16132875153043535 0.5698924731182796 0.07444787562993271
14 0.23279569892473118 0.1568453421791017 0.024731182795698924 0.04972431254350057
28 0.20967741935483872 0.19561293488487708 0.01935483870967742 0.023045825032702725
35 0.19838709677419356 0.179354700424071 0.0032258064516129032 0.12169659083732788
26 0.19086021505376344 0.19757977987532466 0.00967741935483871 0.08787897834339048
0 0.5919354838709677 0.17074224107115218 0.005376344086021506 0.07525896423477281
0 0.603763440860215 0.21585874039698416 0.011827956989247311 0.053961241395054545
14 0.6419354838709678 0.16470368427382 0.017204301075268817 0.06769801014316341
28 0.6559139784946236 0.1944216729260402 0.017204301075268817 0.02542834895037645
5 0.021505376344086023 0.15829364276213784 0.043010752688172046 0.16645125256976417
26 0.2817204301075269 0.2188202113160923 0.01935483870967742 0.04539811546185521
23 0.5774193548387097 0.23375414255258542 0.01935483870967742 0.1135795075631826
23 0.9913978494623656 0.22633728350776064 0.015053763440860216 0.14308956730037886
14 0.28279569892473116 0.16518226644361794 0.030107526881720432 0.06187777428309349
28 0.3096774193548387 0.1949616216716836 0.017204301075268817 0.016962897703414435
19 0.7784946236559139 0.2129675787527906 0.03870967741935484 0.04649356289415195
14 0.7505376344086021 0.15930263515032372 0.021505376344086023 0.05915096909826636
0 0.8252688172043011 0.197398608078783 0.024731182795698924 0.05967585807827859
35 0.8209677419354838 0.2429960412428051 0.00967741935483871 0.05430910720333727
9 0.9086021505376344 0.16879603471645035 0.17849462365591398 0.06684192955922962
0 0.1478494623655914 0.20815181994737855 0.02903225806451613 0.0439947928667069
23 0.8596774193548387 0.23694279042856076 0.01827956989247312 0.1317361693935981
0 0.85 0.2132950568099274 0.011827956989247311 0.049383073166361716
0 0.8709677419354839 0.2095323710571015 0.012903225806451613 0.05088469737715161
14 0.882258064516129 0.16171276428792114 0.03333333333333333 0.06397122737346121
0 0.8924731182795699 0.1973443852252143 0.008602150537634409 0.05722789121564809
14 0.7956989247311828 0.1574101287023089 0.017204301075268817 0.04859473949708621
23 0.921505376344086 0.22578535168860292 0.025806451612903226 0.16034848985596092
0 0.853225806451613 0.14225455549381008 0.03118279569892473 0.033134378902504424
0 0.9741935483870968 0.2132843174853492 0.017204301075268817 0.05121228913563721
35 0.8075268817204301 0.1338066204384893 0.0064516129032258064 0.035066366183019976
14 0.13763440860215054 0.15616972935391485 0.010752688172043012 0.041589318834158576
14 0.725268817204301 0.16405216974625805 0.02258064516129032 0.06413796767781327
23 0.7236559139784946 0.23676013782811356 0.02795698924731183 0.13839891757693967
26 0.6940860215053763 0.2251331044299384 0.02258064516129032 0.04338006781309518
23 0.6559139784946236 0.2397110080168168 0.010752688172043012 0.10166577663471983
26 0.8279569892473119 0.23056627963792456 0.01935483870967742 0.021905978818190713
26 0.0032258064516129032 0.2211667662882793 0.0064516129032258064 0.03544739152977701
26 0.08978494623655914 0.23716723706383305 0.011827956989247311 0.03004992584674654
5 0.11666666666666667 0.1706896133516498 0.0032258064516129032 0.07289246809915724
28 0.11505376344086021 0.19559330078485848 0.025806451612903226 0.020618343058604823
14 0.07365591397849462 0.16409524103181072 0.046236559139784944 0.06648112365914484
28 0.03924731182795699 0.1938520427012087 0.02043010752688172 0.029039360974659804
19 0.0032258064516129032 0.2776025551670846 0.004301075268817204 0.06952638814514629
14 0.9510752688172043 0.16096077610980092 0.01827956989247312 0.05343479361545941
28 0.7424731182795699 0.20375061580065365 0.016129032258064516 0.039321186864255876
23 0.8053763440860215 0.22692920064408026 0.012903225806451613 0.15806079194500622
