14 0.5397849462365591 0.1670590684345635 0.03225806451612903 0.06254438333698775
14 0.8559139784946237 0.15852148443181105 0.04946236559139785 0.07001182578111581
14 0.9693548387096774 0.1607877958502963 0.024731182795698924 0.067874723463397
14 0.14731182795698924 0.16018891572048338 0.023655913978494623 0.06667696320377116
24 0.5 0.2153054058110655 1.0 0.1567935662211538
14 0.7580645161290323 0.15529398526352947 0.02795698924731183 0.0812621128432723
14 0.4553763440860215 0.17350521284200676 0.03333333333333333 0.06419729423732942
18 0.7204301075268817 0.23432335719402936 0.11182795698924732 0.06957138117341424
14 0.004301075268817204 0.15805988319306946 0.008602150537634409 0.037809011155849344
18 0.139247311827957 0.22411701122631453 0.22688172043010751 0.09842390397401075
14 0.2467741935483871 0.15673100551138752 0.035483870967741936 0.06643086794026874
