18 0.15645161290322582 0.20134865892181264 0.011827956989247311 0.06580635031550187
2 0.9451612903225807 0.14788719534742614 0.08602150537634409 0.020688116687092337
2 0.560752688172043 0.1456787732902526 0.0032258064516129032 0.033607790088861944
14 0.07903225806451612 0.15964331263078457 0.03333333333333333 0.0794128458474556
14 0.6913978494623656 0.1698753085412199 0.02795698924731183 0.08054246087102125
14 0.2639784946236559 0.17179759103438708 0.04408602150537634 0.0858454255771309
2 0.7833333333333333 0.14935419298568603 0.13440860215053763 0.035193612951782874
24 0.5 0.20698296537130895 1.0 0.14177786555935065
2 0.4962365591397849 0.15524387904521433 0.0032258064516129032 0.035401484082668744
2 0.41021505376344086 0.13433264649539423 0.0032258064516129032 0.062252882115013536
14 0.4290322580645161 0.1574758140793177 0.01935483870967742 0.03696355805857673
