27 0.839247311827957 0.5 0.2118279569892473 1.0
27 0.2129032258064516 0.5 0.04516129032258064 1.0
14 0.832258064516129 0.5 0.32903225806451614 1.0
14 0.45698924731182794 0.5 0.030107526881720432 1.0
27 0.628494623655914 0.5 0.06989247311827956 1.0
14 0.32150537634408605 0.5 0.02795698924731183 1.0
0 0.543010752688172 0.5 0.26021505376344084 1.0
18 0.3209677419354839 0.5 0.03333333333333333 1.0
27 0.3951612903225806 0.5 0.08279569892473118 1.0
14 0.08602150537634409 0.5 0.17204301075268819 1.0
