13 0.5758064516129032 0.19512452816559092 0.016129032258064516 0.1847498784607593
19 0.9096774193548387 0.20581076313922866 0.06236559139784946 0.06811656451638645
13 0.3102150537634409 0.19342765254249986 0.013978494623655914 0.15966147151978619
19 0.782258064516129 0.22704246807714007 0.041935483870967745 0.09243184045050575
19 0.617741935483871 0.20735564836141862 0.03763440860215054 0.036150420825846415
19 0.20806451612903226 0.2066208413913807 0.06989247311827956 0.09255565984298039
19 0.6645161290322581 0.2017601163758033 0.05161290322580645 0.061655144911886235
19 0.38924731182795697 0.21140125679405347 0.1032258064516129 0.10211649064832594
13 0.2510752688172043 0.19583805395971626 0.016129032258064516 0.1488872038539963
13 0.12473118279569892 0.20249484512444166 0.017204301075268817 0.17000924454305782
19 0.0967741935483871 0.19588157869568978 0.03655913978494624 0.06621187039188565
13 0.07096774193548387 0.20909963164381512 0.017204301075268817 0.18009806184725133
19 0.044623655913978495 0.20497668149859793 0.035483870967741936 0.05161533699958761
19 0.5596774193548387 0.20130886525436614 0.016129032258064516 0.060752642669011946
