19 0.006989247311827957 0.5 0.013978494623655914 1.0
19 0.12795698924731183 0.5 0.06236559139784946 1.0
10 0.035483870967741936 0.5 0.015053763440860216 1.0
19 0.256989247311828 0.5 0.03870967741935484 1.0
19 0.9935483870967742 0.5 0.012903225806451613 1.0
19 0.3655913978494624 0.5 0.05806451612903226 1.0
19 0.4344086021505376 0.5 0.0064516129032258064 1.0
19 0.47096774193548385 0.5 0.010752688172043012 1.0
19 0.5021505376344086 0.5 0.023655913978494623 1.0
19 0.5548387096774193 0.5 0.0064516129032258064 1.0
19 0.7629032258064516 0.5 0.04408602150537634 1.0
19 0.7102150537634409 0.5 0.007526881720430108 1.0
19 0.5811827956989247 0.5 0.01827956989247312 1.0
10 0.20053763440860214 0.5 0.04408602150537634 1.0
19 0.6661290322580645 0.5 0.03118279569892473 1.0
19 0.9354838709677419 0.5 0.04946236559139785 1.0
19 0.8720430107526882 0.5 0.023655913978494623 1.0
19 0.8349462365591398 0.5 0.01827956989247312 1.0
10 0.08279569892473118 0.5 0.015053763440860216 1.0
