19 0.4204301075268817 0.5 0.012903225806451613 1.0
12 0.4290322580645161 0.5 0.012903225806451613 1.0
19 0.6048387096774194 0.5 0.0032258064516129032 1.0
5 0.5526881720430108 0.5 0.025806451612903226 1.0
5 0.5112903225806451 0.5 0.01827956989247312 1.0
12 0.5301075268817205 0.5 0.01935483870967742 1.0
12 0.5935483870967742 0.5 0.025806451612903226 1.0
12 0.4806451612903226 0.5 0.015053763440860216 1.0
12 0.6473118279569893 0.5 0.043010752688172046 1.0
19 0.4505376344086022 0.5 0.010752688172043012 1.0
0 0.9102150537634408 0.5 0.0032258064516129032 1.0
12 0.7650537634408602 0.5 0.035483870967741936 1.0
12 0.9166666666666666 0.5 0.00967741935483871 1.0
0 0.8075268817204301 0.5 0.008602150537634409 1.0
12 0.9290322580645162 0.5 0.008602150537634409 1.0
12 0.710752688172043 0.5 0.021505376344086023 1.0
19 0.40483870967741936 0.5 0.011827956989247311 1.0
12 0.9225806451612903 0.5 0.004301075268817204 1.0
12 0.39301075268817204 0.5 0.016129032258064516 1.0
12 0.1586021505376344 0.5 0.01827956989247312 1.0
19 0.17096774193548386 0.5 0.0064516129032258064 1.0
0 0.1446236559139785 0.5 0.00967741935483871 1.0
12 0.8698924731182796 0.5 0.023655913978494623 1.0
19 0.031720430107526884 0.5 0.06344086021505377 1.0
12 0.9811827956989247 0.5 0.03333333333333333 1.0
12 0.1881720430107527 0.5 0.0064516129032258064 1.0
12 0.2172043010752688 0.5 0.021505376344086023 1.0
5 0.3779569892473118 0.5 0.0032258064516129032 1.0
19 0.3682795698924731 0.5 0.011827956989247311 1.0
19 0.31666666666666665 0.5 0.011827956989247311 1.0
19 0.2747311827956989 0.5 0.00967741935483871 1.0
5 0.2887096774193548 0.5 0.0032258064516129032 1.0
12 0.906989247311828 0.5 0.005376344086021506 1.0
12 0.34086021505376346 0.5 0.021505376344086023 1.0
12 0.26129032258064516 0.5 0.012903225806451613 1.0
12 0.3032258064516129 0.5 0.017204301075268817 1.0
