12 0.23225806451612904 0.5 0.03655913978494624 1.0
12 0.12311827956989248 0.5 0.05053763440860215 1.0
12 0.3467741935483871 0.5 0.05053763440860215 1.0
12 0.8655913978494624 0.5 0.04516129032258064 1.0
12 0.9779569892473118 0.5 0.03118279569892473 1.0
12 0.7779569892473118 0.5 0.03333333333333333 1.0
12 0.6768817204301075 0.5 0.02903225806451613 1.0
12 0.43172043010752686 0.5 0.0032258064516129032 1.0
19 0.6510752688172043 0.5 0.005376344086021506 1.0
12 0.5274193548387097 0.5 0.03118279569892473 1.0
12 0.013440860215053764 0.5 0.026881720430107527 1.0
