19 0.3478494623655914 0.5 0.03763440860215054 1.0
19 0.45806451612903226 0.5 0.03655913978494624 1.0
19 0.2586021505376344 0.5 0.024731182795698924 1.0
19 0.5962365591397849 0.5 0.013978494623655914 1.0
11 0.41935483870967744 0.5 0.023655913978494623 1.0
10 0.48655913978494625 0.5 0.016129032258064516 1.0
19 0.7155913978494624 0.5 0.05913978494623656 1.0
10 0.9650537634408602 0.5 0.013978494623655914 1.0
19 0.7532258064516129 0.5 0.016129032258064516 1.0
19 0.4924731182795699 0.5 0.025806451612903226 1.0
10 0.8634408602150537 0.5 0.03655913978494624 1.0
