0 0.497415 0.4953 0.0306704 0.990601 0.855896
0 0.209454 0.498197 0.0288809 0.996394 0.753755
0 0.749513 0.495281 0.0263871 0.990563 0.717245
0 0.014128 0.499375 0.0282561 0.998751 0.613205
0 0.575357 0.501183 0.0222267 0.997634 0.404255
0 0.352753 0.514453 0.0227999 0.971093 0.394703
0 0.67905 0.499562 0.0211749 0.999123 0.38976
0 0.125716 0.500228 0.0220652 0.999545 0.355595
0 0.2777 0.504443 0.0190344 0.991114 0.324341
0 0.0643525 0.5 0.0196115 1 0.290332
0 0.934433 0.495228 0.0115566 0.990457 0.279128
0 0.425683 0.503153 0.0224553 0.993695 0.270975
0 0.966499 0.500363 0.0191467 0.999263 0.25975
0 0.989599 0.492194 0.0204807 0.984388 0.224756
