0 0.367272 0.50521 0.0510072 0.989579 0.747462
0 0.50229 0.497937 0.0244881 0.99488 0.695655
0 0.834655 0.489045 0.0192047 0.97809 0.624882
0 0.578984 0.497185 0.0198079 0.99437 0.599466
0 0.661355 0.486898 0.0268767 0.973795 0.557315
0 0.765485 0.49038 0.0387623 0.980759 0.522232
0 0.262463 0.505069 0.0294262 0.989862 0.509055
0 0.121794 0.490889 0.0522864 0.981778 0.483723
0 0.87064 0.490126 0.0282841 0.980252 0.307515
0 0.0361126 0.489632 0.015203 0.979264 0.28642
0 0.0069767 0.490688 0.0139534 0.981375 0.264759
0 0.925984 0.486628 0.0220059 0.973256 0.239425
