34 0.3774193548387097 0.5 0.004301075268817204 1.0
34 0.9639784946236559 0.5 0.005376344086021506 1.0
34 0.6994623655913978 0.5 0.1086021505376344 1.0
11 0.47956989247311826 0.5 0.17419354838709677 1.0
36 0.1978494623655914 0.5 0.008602150537634409 1.0
0 0.12795698924731183 0.5 0.015053763440860216 1.0
36 0.11344086021505376 0.5 0.013978494623655914 1.0
34 0.04032258064516129 0.5 0.04408602150537634 1.0
11 0.33763440860215055 0.5 0.09032258064516129 1.0
34 0.4258064516129032 0.5 0.1032258064516129 1.0
