34 0.20698924731182797 0.5 0.007526881720430108 1.0
34 0.038172043010752686 0.5 0.07204301075268817 1.0
0 0.12526881720430108 0.5 0.02258064516129032 1.0
34 0.1575268817204301 0.5 0.02903225806451613 1.0
34 0.6973118279569892 0.5 0.0978494623655914 1.0
0 0.2295698924731183 0.5 0.035483870967741936 1.0
34 0.28118279569892474 0.5 0.06774193548387097 1.0
0 0.32741935483870965 0.5 0.02258064516129032 1.0
34 0.4806451612903226 0.5 0.27956989247311825 1.0
34 0.9005376344086021 0.5 0.1924731182795699 1.0
11 0.8145161290322581 0.5 0.06559139784946237 1.0
