34 0.06344086021505377 0.5 0.12688172043010754 1.0
26 0.16182795698924732 0.5 0.03333333333333333 1.0
34 0.5064516129032258 0.5 0.053763440860215055 1.0
31 0.8956989247311828 0.5 0.043010752688172046 1.0
31 0.9650537634408602 0.5 0.035483870967741936 1.0
34 0.6870967741935484 0.5 0.030107526881720432 1.0
34 0.3634408602150538 0.5 0.06666666666666667 1.0
34 0.7666666666666667 0.5 0.004301075268817204 1.0
34 0.44623655913978494 0.5 0.043010752688172046 1.0
34 0.6069892473118279 0.5 0.0032258064516129032 1.0
34 0.17043010752688173 0.5 0.03763440860215054 1.0
34 0.23763440860215054 0.5 0.08172043010752689 1.0
