14 0.4860215053763441 0.5 0.030107526881720432 1.0
34 0.6946236559139785 0.5 0.004301075268817204 1.0
34 0.3897849462365591 0.5 0.005376344086021506 1.0
14 0.3704301075268817 0.5 0.03118279569892473 1.0
14 0.22311827956989247 0.5 0.08064516129032258 1.0
14 0.3123655913978495 0.5 0.035483870967741936 1.0
34 0.14139784946236558 0.5 0.046236559139784944 1.0
34 0.5043010752688172 0.5 0.008602150537634409 1.0
34 0.5661290322580645 0.5 0.041935483870967745 1.0
14 0.6521505376344086 0.5 0.01827956989247312 1.0
0 0.9263440860215054 0.5 0.005376344086021506 1.0
0 0.8811827956989248 0.5 0.011827956989247311 1.0
34 0.8612903225806452 0.5 0.02795698924731183 1.0
14 0.10483870967741936 0.5 0.026881720430107527 1.0
0 0.5209677419354839 0.5 0.007526881720430108 1.0
0 0.660752688172043 0.5 0.011827956989247311 1.0
0 0.21021505376344085 0.5 0.04408602150537634 1.0
14 0.02043010752688172 0.5 0.023655913978494623 1.0
34 0.8166666666666667 0.5 0.013978494623655914 1.0
0 0.7870967741935484 0.5 0.012903225806451613 1.0
