26 0.9010752688172043 0.5 0.05161290322580645 1.0
14 0.9188172043010753 0.5 0.016129032258064516 1.0
26 0.08387096774193549 0.5 0.053763440860215055 1.0
30 0.3247311827956989 0.5 0.002150537634408602 1.0
30 0.29838709677419356 0.5 0.0032258064516129032 1.0
5 0.2725806451612903 0.5 0.04838709677419355 1.0
11 0.9634408602150538 0.5 0.07096774193548387 1.0
14 0.7580645161290323 0.5 0.021505376344086023 1.0
14 0.9731182795698925 0.5 0.03225806451612903 1.0
30 0.14946236559139786 0.5 0.004301075268817204 1.0
26 0.1967741935483871 0.5 0.08602150537634409 1.0
5 0.19193548387096773 0.5 0.02903225806451613 1.0
6 0.1978494623655914 0.5 0.004301075268817204 1.0
30 0.1913978494623656 0.5 0.002150537634408602 1.0
30 0.08387096774193549 0.5 0.017204301075268817 1.0
26 0.7634408602150538 0.5 0.05591397849462366 1.0
30 0.12311827956989248 0.5 0.0032258064516129032 1.0
26 0.3365591397849462 0.5 0.017204301075268817 1.0
30 0.02204301075268817 0.5 0.0032258064516129032 1.0
30 0.02956989247311828 0.5 0.0032258064516129032 1.0
30 0.05 0.5 0.005376344086021506 1.0
30 0.4064516129032258 0.5 0.010752688172043012 1.0
26 0.5284946236559139 0.5 0.054838709677419356 1.0
26 0.6236559139784946 0.5 0.01935483870967742 1.0
26 0.6559139784946236 0.5 0.04086021505376344 1.0
30 0.3779569892473118 0.5 0.0032258064516129032 1.0
30 0.3338709677419355 0.5 0.0032258064516129032 1.0
6 0.23225806451612904 0.5 0.030107526881720432 1.0
19 0.6698924731182796 0.5 0.025806451612903226 1.0
30 0.4666666666666667 0.5 0.015053763440860216 1.0
