36 0.10806451612903226 0.5 0.013978494623655914 1.0
30 0.5080645161290323 0.5 0.00967741935483871 1.0
30 0.9768817204301076 0.5 0.007526881720430108 1.0
30 0.9672043010752688 0.5 0.00967741935483871 1.0
30 0.25268817204301075 0.5 0.008602150537634409 1.0
36 0.2021505376344086 0.5 0.012903225806451613 1.0
30 0.5467741935483871 0.5 0.007526881720430108 1.0
22 0.7279569892473118 0.5 0.04086021505376344 1.0
0 0.6580645161290323 0.5 0.017204301075268817 1.0
0 0.8505376344086022 0.5 0.0064516129032258064 1.0
30 0.9021505376344086 0.5 0.008602150537634409 1.0
30 0.7763440860215054 0.5 0.0064516129032258064 1.0
30 0.7005376344086022 0.5 0.00967741935483871 1.0
30 0.027419354838709678 0.5 0.00967741935483871 1.0
