12 0.7344086021505376 0.18892294007593793 0.030107526881720432 0.04509553050813933
12 0.8172043010752689 0.19126354064742465 0.04516129032258064 0.0689805381414585
12 0.9091397849462366 0.19526229560934044 0.02043010752688172 0.04550969807101487
12 0.36774193548387096 0.18587802017079666 0.030107526881720432 0.05118537031842189
12 0.5096774193548387 0.20302512980691922 0.05591397849462366 0.09284790587363582
19 0.9827956989247312 0.20061028116961135 0.008602150537634409 0.03190385282709448
12 0.4403225806451613 0.19000985174443466 0.013978494623655914 0.0472693538451328
12 0.19086021505376344 0.18696493183929339 0.026881720430107527 0.05335919365541535
12 0.6698924731182796 0.1930452092630073 0.03655913978494624 0.03902277315436406
12 0.5903225806451613 0.19838396364027536 0.034408602150537634 0.04146333551481106
