12 0.43655913978494626 0.5 0.03225806451612903 1.0
12 0.11720430107526882 0.5 0.02795698924731183 1.0
19 0.5225806451612903 0.5 0.0064516129032258064 1.0
12 0.35913978494623655 0.5 0.023655913978494623 1.0
12 0.031720430107526884 0.5 0.013978494623655914 1.0
12 0.27365591397849465 0.5 0.024731182795698924 1.0
12 0.5639784946236559 0.5 0.02903225806451613 1.0
12 0.9521505376344086 0.5 0.03333333333333333 1.0
12 0.714516129032258 0.5 0.016129032258064516 1.0
12 0.8360215053763441 0.5 0.03978494623655914 1.0
12 0.6301075268817204 0.5 0.03655913978494624 1.0
