19 0.041935483870967745 0.5 0.008602150537634409 1.0
13 0.06827956989247312 0.5 0.005376344086021506 1.0
19 0.09193548387096774 0.5 0.01827956989247312 1.0
19 0.16075268817204302 0.5 0.02903225806451613 1.0
13 0.19301075268817205 0.5 0.02043010752688172 1.0
13 0.310752688172043 0.5 0.004301075268817204 1.0
13 0.2967741935483871 0.5 0.0064516129032258064 1.0
13 0.9935483870967742 0.5 0.004301075268817204 1.0
13 0.656989247311828 0.5 0.01935483870967742 1.0
13 0.5505376344086022 0.5 0.0064516129032258064 1.0
