19 0.22258064516129034 0.5 0.017204301075268817 1.0
19 0.13709677419354838 0.5 0.00967741935483871 1.0
19 0.006989247311827957 0.5 0.013978494623655914 1.0
19 0.05591397849462366 0.5 0.01935483870967742 1.0
19 0.9629032258064516 0.5 0.07419354838709677 1.0
19 0.11989247311827957 0.5 0.013978494623655914 1.0
19 0.8365591397849462 0.5 0.04516129032258064 1.0
19 0.40376344086021504 0.5 0.03978494623655914 1.0
19 0.49731182795698925 0.5 0.08709677419354839 1.0
19 0.5881720430107527 0.5 0.025806451612903226 1.0
7 0.667741935483871 0.5 0.0064516129032258064 1.0
7 0.8075268817204301 0.5 0.0064516129032258064 1.0
1 0.7059139784946237 0.5 0.06129032258064516 1.0
