27 0.839247311827957 0.16866080848778062 0.2118279569892473 0.05704406709476233
27 0.2129032258064516 0.16197160917786316 0.04516129032258064 0.06569766407851337
14 0.832258064516129 0.15837677028577415 0.32903225806451614 0.1063315289821115
14 0.45698924731182794 0.14671790771181945 0.030107526881720432 0.15719734697461127
27 0.628494623655914 0.15271596128588308 0.06989247311827956 0.051568887354620604
14 0.32150537634408605 0.1355489640019517 0.02795698924731183 0.11590381802930451
0 0.543010752688172 0.23106320076266862 0.26021505376344084 0.09587306309695884
18 0.3209677419354839 0.23410870820541144 0.03333333333333333 0.0785765339765832
27 0.3951612903225806 0.16324259740458938 0.08279569892473118 0.0726221595920332
14 0.08602150537634409 0.17195732053446225 0.17204301075268819 0.04458356582449116
