18 0.044623655913978495 0.23463806004373763 0.08494623655913978 0.08365537202388383
18 0.28225806451612906 0.21746416442527308 0.3387096774193548 0.0726563249481826
14 0.013978494623655914 0.15045526223500244 0.02795698924731183 0.06910318349684653
14 0.9456989247311828 0.15788891992179935 0.03118279569892473 0.06397034191836602
14 0.4360215053763441 0.16945491628292692 0.03763440860215054 0.07245954550043042
24 0.5 0.21963475247670064 1.0 0.09018063064403396
14 0.0956989247311828 0.14692259374769373 0.01935483870967742 0.051146988112614956
14 0.7075268817204301 0.14995623613091671 0.04086021505376344 0.12554307787223065
14 0.5725806451612904 0.17160116949006982 0.04838709677419355 0.08225321115392444
14 0.23010752688172043 0.1565011966471858 0.01935483870967742 0.02627024443419515
14 0.3123655913978495 0.16378937667559162 0.041935483870967745 0.07573446145175836
18 0.5811827956989247 0.18375284792844532 0.10215053763440861 0.06403883728747756
14 0.853225806451613 0.1689149857486549 0.06989247311827956 0.08881410944001517
18 0.7682795698924731 0.22220298274663572 0.00967741935483871 0.058785217429679994
14 0.16612903225806452 0.15303754586865223 0.03763440860215054 0.054267593812071836
