31 0.5725806451612904 0.5 0.026881720430107527 1.0
31 0.9532258064516129 0.5 0.02903225806451613 1.0
31 0.013978494623655914 0.5 0.017204301075268817 1.0
31 0.7354838709677419 0.5 0.02795698924731183 1.0
31 0.17419354838709677 0.5 0.01935483870967742 1.0
31 0.6456989247311828 0.5 0.02258064516129032 1.0
31 0.4774193548387097 0.5 0.023655913978494623 1.0
31 0.8494623655913979 0.5 0.025806451612903226 1.0
31 0.36451612903225805 0.5 0.017204301075268817 1.0
31 0.2779569892473118 0.5 0.03333333333333333 1.0
31 0.08494623655913978 0.5 0.025806451612903226 1.0
