4 0.5231182795698924 0.5 0.024731182795698924 1.0
4 0.39838709677419354 0.5 0.03763440860215054 1.0
4 0.47580645161290325 0.5 0.00967741935483871 1.0
4 0.556989247311828 0.5 0.034408602150537634 1.0
4 0.4967741935483871 0.5 0.01935483870967742 1.0
4 0.20806451612903226 0.5 0.02903225806451613 1.0
4 0.2435483870967742 0.5 0.02903225806451613 1.0
4 0.12311827956989248 0.5 0.01827956989247312 1.0
4 0.5897849462365592 0.5 0.02258064516129032 1.0
4 0.15645161290322582 0.5 0.02258064516129032 1.0
4 0.4521505376344086 0.5 0.024731182795698924 1.0
4 0.6811827956989247 0.5 0.01827956989247312 1.0
4 0.9198924731182796 0.5 0.024731182795698924 1.0
0 0.016666666666666666 0.5 0.03333333333333333 1.0
4 0.6204301075268818 0.5 0.021505376344086023 1.0
4 0.6564516129032258 0.5 0.02258064516129032 1.0
4 0.9456989247311828 0.5 0.016129032258064516 1.0
4 0.9817204301075269 0.5 0.03655913978494624 1.0
4 0.7134408602150538 0.5 0.035483870967741936 1.0
4 0.339247311827957 0.5 0.05698924731182796 1.0
22 0.09516129032258064 0.5 0.04838709677419355 1.0
4 0.8188172043010753 0.5 0.16451612903225807 1.0
