31 0.736021505376344 0.5 0.005376344086021506 1.0
31 0.7317204301075269 0.5 0.01827956989247312 1.0
31 0.6612903225806451 0.5 0.004301075268817204 1.0
31 0.6672043010752688 0.5 0.03333333333333333 1.0
31 0.5736559139784946 0.5 0.007526881720430108 1.0
31 0.5833333333333334 0.5 0.01827956989247312 1.0
31 0.5419354838709678 0.5 0.002150537634408602 1.0
31 0.21881720430107526 0.5 0.02258064516129032 1.0
31 0.8387096774193549 0.5 0.002150537634408602 1.0
31 0.6231182795698925 0.5 0.005376344086021506 1.0
31 0.8043010752688172 0.5 0.017204301075268817 1.0
31 0.3580645161290323 0.5 0.025806451612903226 1.0
31 0.5145161290322581 0.5 0.02903225806451613 1.0
31 0.9225806451612903 0.5 0.0064516129032258064 1.0
31 0.432258064516129 0.5 0.017204301075268817 1.0
31 0.8731182795698925 0.5 0.030107526881720432 1.0
31 0.28279569892473116 0.5 0.023655913978494623 1.0
31 0.14946236559139786 0.5 0.01935483870967742 1.0
31 0.08172043010752689 0.5 0.023655913978494623 1.0
31 0.011827956989247311 0.5 0.023655913978494623 1.0
31 0.9591397849462365 0.5 0.02795698924731183 1.0
