2 0.40483870967741936 0.5 0.005376344086021506 1.0
2 0.015053763440860216 0.5 0.012903225806451613 1.0
0 0.5 0.5 1.0 1.0
2 0.18387096774193548 0.5 0.002150537634408602 1.0
2 0.2129032258064516 0.5 0.002150537634408602 1.0
2 0.22903225806451613 0.5 0.002150537634408602 1.0
2 0.2591397849462366 0.5 0.002150537634408602 1.0
2 0.603225806451613 0.5 0.002150537634408602 1.0
2 0.31666666666666665 0.5 0.03763440860215054 1.0
2 0.7225806451612903 0.5 0.012903225806451613 1.0
2 0.8473118279569892 0.5 0.002150537634408602 1.0
2 0.9016129032258065 0.5 0.005376344086021506 1.0
2 0.1956989247311828 0.5 0.002150537634408602 1.0
0 0.9672043010752688 0.5 0.00967741935483871 1.0
2 0.16774193548387098 0.5 0.008602150537634409 1.0
2 0.5478494623655914 0.5 0.005376344086021506 1.0
