27 0.5220430107526882 0.5 0.005376344086021506 1.0
0 0.17634408602150536 0.5 0.06451612903225806 1.0
9 0.15 0.5 0.001075268817204301 1.0
0 0.09462365591397849 0.5 0.053763440860215055 1.0
9 0.10483870967741936 0.5 0.001075268817204301 1.0
27 0.43709677419354837 0.5 0.0032258064516129032 1.0
0 0.3387096774193548 0.5 0.0064516129032258064 1.0
2 0.4736559139784946 0.5 0.005376344086021506 1.0
2 0.48333333333333334 0.5 0.0032258064516129032 1.0
0 0.6516129032258065 0.5 0.13118279569892474 1.0
0 0.7301075268817204 0.5 0.034408602150537634 1.0
0 0.3924731182795699 0.5 0.34838709677419355 1.0
4 0.8736559139784946 0.5 0.25268817204301075 1.0
9 0.11612903225806452 0.5 0.002150537634408602 1.0
31 0.04139784946236559 0.5 0.041935483870967745 1.0
9 0.1381720430107527 0.5 0.0032258064516129032 1.0
27 0.5559139784946237 0.5 0.004301075268817204 1.0
