12 0.23225806451612904 0.21272264308786537 0.03655913978494624 0.09285701776777697
12 0.12311827956989248 0.2061250129265564 0.05053763440860215 0.07514798346697149
12 0.3467741935483871 0.2055265093233924 0.05053763440860215 0.08924065835657216
12 0.8655913978494624 0.21460854698180318 0.04516129032258064 0.08708480785808707
12 0.9779569892473118 0.2041701597632682 0.03118279569892473 0.08320195846324002
12 0.7779569892473118 0.2045113986534202 0.03333333333333333 0.08027222551555072
12 0.6768817204301075 0.21574046075002012 0.02903225806451613 0.0927037697361939
12 0.43172043010752686 0.20672926269680536 0.0032258064516129032 0.045940189718398736
19 0.6510752688172043 0.20291730901366764 0.005376344086021506 0.026324078559316132
12 0.5274193548387097 0.2074624471167369 0.03118279569892473 0.0724731150866105
12 0.013440860215053764 0.20780259411710628 0.026881720430107527 0.08685461644292287
