19 0.006989247311827957 0.1976602624278431 0.013978494623655914 0.06975913383391119
19 0.12795698924731183 0.1962155868416007 0.06236559139784946 0.07673014755687316
10 0.035483870967741936 0.19747707106428988 0.015053763440860216 0.05583869469371653
19 0.256989247311828 0.1981345219619236 0.03870967741935484 0.08615429190904195
19 0.9935483870967742 0.19805475251091556 0.012903225806451613 0.06958956413865318
19 0.3655913978494624 0.2033181872347779 0.05806451612903226 0.07382991056363473
19 0.4344086021505376 0.2053351052017115 0.0064516129032258064 0.03155813242785033
19 0.47096774193548385 0.2021071057404227 0.010752688172043012 0.03801413135042794
19 0.5021505376344086 0.19559319090644867 0.023655913978494623 0.06305192061455057
19 0.5548387096774193 0.20867155504919493 0.0064516129032258064 0.0317312753223018
19 0.7629032258064516 0.19975667521725882 0.04408602150537634 0.06513181958729074
19 0.7102150537634409 0.20574063651436145 0.007526881720430108 0.030747069802550445
19 0.5811827956989247 0.1991967491359623 0.01827956989247312 0.07500862032462881
10 0.20053763440860214 0.205509239841495 0.04408602150537634 0.06751585619604973
19 0.6661290322580645 0.19832780116231977 0.03118279569892473 0.07221990369584984
19 0.9354838709677419 0.19537728229014664 0.04946236559139785 0.06736968663299746
19 0.8720430107526882 0.19930510181488822 0.023655913978494623 0.059494756194913206
19 0.8349462365591398 0.1935795295944604 0.01827956989247312 0.06063911830574287
10 0.08279569892473118 0.19976082009540225 0.015053763440860216 0.04612420972598871
