19 0.4204301075268817 0.1970154826127094 0.012903225806451613 0.051098862520416406
12 0.4290322580645161 0.19726070279274868 0.012903225806451613 0.06251453429329089
19 0.6048387096774194 0.19587385773934962 0.0032258064516129032 0.03965683463939026
5 0.5526881720430108 0.20190072688149294 0.025806451612903226 0.12372301280527412
5 0.5112903225806451 0.18278608300169652 0.01827956989247312 0.08549372504568127
12 0.5301075268817205 0.20173880523128931 0.01935483870967742 0.07871659792499215
12 0.5935483870967742 0.2003781351009669 0.025806451612903226 0.07237597131342614
12 0.4806451612903226 0.20103691929631562 0.015053763440860216 0.08453013930460662
12 0.6473118279569893 0.20320120691760973 0.043010752688172046 0.09425366715536795
19 0.4505376344086022 0.1871318420240789 0.010752688172043012 0.051309700330058446
0 0.9102150537634408 0.23541268265095366 0.0032258064516129032 0.037470457211158915
12 0.7650537634408602 0.21470924596895308 0.035483870967741936 0.0983051871876788
12 0.9166666666666666 0.20686340302261072 0.00967741935483871 0.06347177752656098
0 0.8075268817204301 0.21971976589253356 0.008602150537634409 0.011925718634488432
12 0.9290322580645162 0.2134088623419562 0.008602150537634409 0.085711343846525
12 0.710752688172043 0.2002491404723038 0.021505376344086023 0.09730797267299653
19 0.40483870967741936 0.2173198784853755 0.011827956989247311 0.046706714808228
12 0.9225806451612903 0.23136677826415306 0.004301075268817204 0.03716017215008986
12 0.39301075268817204 0.1944990089677562 0.016129032258064516 0.06604403421741305
12 0.1586021505376344 0.21707416793303203 0.01827956989247312 0.09121623316106167
19 0.17096774193548386 0.20054091780657923 0.0064516129032258064 0.03422689051859508
0 0.1446236559139785 0.1880041224299928 0.00967741935483871 0.04762794597147798
12 0.8698924731182796 0.20067652900276609 0.023655913978494623 0.0657120341781251
19 0.031720430107526884 0.1984451120141802 0.06344086021505377 0.12257254716377586
12 0.9811827956989247 0.19491345613108682 0.03333333333333333 0.1079793413554305
12 0.1881720430107527 0.21327541400125746 0.0064516129032258064 0.06709544867045705
12 0.2172043010752688 0.19576880171366065 0.021505376344086023 0.11675821908574495
5 0.3779569892473118 0.18806845458579027 0.0032258064516129032 0.07294660089996943
19 0.3682795698924731 0.21120160340806451 0.011827956989247311 0.04063808953706667
19 0.31666666666666665 0.21019971761003967 0.011827956989247311 0.044243603766457196
19 0.2747311827956989 0.2259832591706201 0.00967741935483871 0.06268739552990228
5 0.2887096774193548 0.18239911006222814 0.0032258064516129032 0.08825382118365746
12 0.906989247311828 0.19792983803187275 0.005376344086021506 0.04927015168208969
12 0.34086021505376346 0.1972162578803223 0.021505376344086023 0.06060953639228088
12 0.26129032258064516 0.19640088157182456 0.012903225806451613 0.06623199000305763
12 0.3032258064516129 0.2072186597749333 0.017204301075268817 0.08424278264912516
