19 0.3478494623655914 0.20428362340374093 0.03763440860215054 0.07151881438519125
19 0.45806451612903226 0.2136328381054464 0.03655913978494624 0.09021724378860221
19 0.2586021505376344 0.20287936328175674 0.024731182795698924 0.07028421392085292
19 0.5962365591397849 0.20522678711223635 0.013978494623655914 0.046417962838114
11 0.41935483870967744 0.2013017856820389 0.023655913978494623 0.033757207029948944
10 0.48655913978494625 0.19821163022857854 0.016129032258064516 0.05356705456166618
19 0.7155913978494624 0.20482674948563157 0.05913978494623656 0.05837371927808366
10 0.9650537634408602 0.20754340998425103 0.013978494623655914 0.05744205818181268
19 0.7532258064516129 0.2174621404444843 0.016129032258064516 0.07887319703883036
19 0.4924731182795699 0.21415594870153967 0.025806451612903226 0.05302696273170042
10 0.8634408602150537 0.20816440038802292 0.03655913978494624 0.04824512736884247
