21 0.3333333333333333 0.5 0.002150537634408602 1.0
23 0.4682795698924731 0.5 0.00967741935483871 1.0
23 0.38225806451612904 0.5 0.013978494623655914 1.0
23 0.1989247311827957 0.5 0.021505376344086023 1.0
21 0.3258064516129032 0.5 0.0064516129032258064 1.0
23 0.10483870967741936 0.5 0.026881720430107527 1.0
23 0.02956989247311828 0.5 0.026881720430107527 1.0
23 0.28978494623655915 0.5 0.024731182795698924 1.0
23 0.6650537634408602 0.5 0.016129032258064516 1.0
23 0.8946236559139785 0.5 0.01935483870967742 1.0
23 0.9811827956989247 0.5 0.035483870967741936 1.0
23 0.7279569892473118 0.5 0.02795698924731183 1.0
23 0.5887096774193549 0.5 0.026881720430107527 1.0
