9 0.32526881720430106 0.1657303195453599 0.001075268817204301 0.04381405492350142
23 0.45268817204301076 0.24901699455757673 0.0064516129032258064 0.08164851971963523
9 0.5301075268817205 0.16345073400627572 0.015053763440860216 0.03605885549013072
31 0.10913978494623656 0.19103403323738244 0.001075268817204301 0.08010211425046945
7 0.3881720430107527 0.22101033200147888 0.0064516129032258064 0.036418606436183595
11 0.31989247311827956 0.2130502907808698 0.005376344086021506 0.10826570209926974
23 0.9709677419354839 0.2439530746015244 0.04516129032258064 0.06064020332029054
23 0.20913978494623656 0.24808180295217333 0.011827956989247311 0.0797781365088284
23 0.3102150537634409 0.24992293635304938 0.01827956989247312 0.06317166505061199
23 0.1295698924731183 0.24300617601168903 0.005376344086021506 0.05718379763841111
9 0.36612903225806454 0.165392387533797 0.001075268817204301 0.04599061255245361
10 0.14946236559139786 0.20136980871041063 0.015053763440860216 0.049796538121667684
23 0.11451612903225807 0.2575683282153067 0.011827956989247311 0.033409696092726
11 0.1913978494623656 0.20810121733475587 0.012903225806451613 0.0838247516227957
23 0.9005376344086021 0.23257696365691152 0.016129032258064516 0.03319368621752523
23 0.646236559139785 0.2485799725905134 0.010752688172043012 0.06519970408472898
7 0.7311827956989247 0.22081722508754814 0.0064516129032258064 0.02215042459011022
7 0.6833333333333333 0.22293421492133672 0.02903225806451613 0.05247918368867482
7 0.7919354838709678 0.22522776042304327 0.024731182795698924 0.0631307632946777
23 0.7456989247311828 0.22245807600542994 0.005376344086021506 0.026982385081872173
7 0.6150537634408603 0.22533798756029264 0.008602150537634409 0.052720316198330806
7 0.5876344086021505 0.21805337587984605 0.005376344086021506 0.0472683980647655
7 0.5532258064516129 0.21376935237366337 0.005376344086021506 0.04926108484554694
7 0.6376344086021506 0.22517936998910398 0.0064516129032258064 0.06152038628328141
23 0.8435483870967742 0.2400133298705856 0.026881720430107527 0.06673179628771811
