11 0.1629032258064516 0.5 0.02043010752688172 1.0
17 0.4290322580645161 0.5 0.015053763440860216 1.0
0 0.4204301075268817 0.5 0.008602150537634409 1.0
9 0.34838709677419355 0.5 0.025806451612903226 1.0
9 0.3225806451612903 0.5 0.002150537634408602 1.0
9 0.2849462365591398 0.5 0.05161290322580645 1.0
9 0.2446236559139785 0.5 0.001075268817204301 1.0
9 0.4397849462365591 0.5 0.002150537634408602 1.0
9 0.22311827956989247 0.5 0.016129032258064516 1.0
5 0.03602150537634408 0.5 0.07204301075268817 1.0
32 0.139247311827957 0.5 0.011827956989247311 1.0
7 0.07526881720430108 0.5 0.0064516129032258064 1.0
5 0.1032258064516129 0.5 0.002150537634408602 1.0
5 0.12311827956989248 0.5 0.0032258064516129032 1.0
23 0.874731182795699 0.5 0.007526881720430108 1.0
11 0.5360215053763441 0.5 0.07634408602150537 1.0
31 0.9865591397849462 0.5 0.00967741935483871 1.0
31 0.9650537634408602 0.5 0.001075268817204301 1.0
31 0.9473118279569892 0.5 0.002150537634408602 1.0
31 0.9973118279569892 0.5 0.001075268817204301 1.0
31 0.9327956989247311 0.5 0.011827956989247311 1.0
31 0.943010752688172 0.5 0.002150537634408602 1.0
23 0.7387096774193549 0.5 0.004301075268817204 1.0
31 0.8478494623655914 0.5 0.001075268817204301 1.0
31 0.8790322580645161 0.5 0.001075268817204301 1.0
11 0.6704301075268817 0.5 0.005376344086021506 1.0
31 0.860752688172043 0.5 0.001075268817204301 1.0
17 0.7150537634408602 0.5 0.03655913978494624 1.0
