23 0.5376344086021505 0.2607395667222035 0.0064516129032258064 0.05290205130796217
23 0.5919354838709677 0.2247603733033313 0.011827956989247311 0.05344438754525379
23 0.5741935483870968 0.22920931208463752 0.010752688172043012 0.07633592097050945
31 0.5446236559139785 0.1965072762542693 0.001075268817204301 0.09068496160760946
31 0.7139784946236559 0.16558317234319353 0.002150537634408602 0.19752817631790873
31 0.7258064516129032 0.16558317234319353 0.002150537634408602 0.19752817631790873
31 0.7397849462365591 0.16760593109651004 0.002150537634408602 0.20157369382454174
9 0.7629032258064516 0.15669694144283264 0.001075268817204301 0.03088526776258689
31 0.7080645161290322 0.18724228336344215 0.001075268817204301 0.13434573095773403
9 0.9736559139784946 0.15795795039719926 0.001075268817204301 0.031762486901771594
9 0.9489247311827957 0.15502734436307633 0.001075268817204301 0.030832052715895356
9 0.9887096774193549 0.15663895216592236 0.001075268817204301 0.022532914393659308
23 0.9612903225806452 0.24616523742842247 0.01935483870967742 0.07139722364486181
9 0.9370967741935484 0.16004498376826926 0.001075268817204301 0.03099475237209848
30 0.9258064516129032 0.22532486907457777 0.010752688172043012 0.036869386047469095
9 0.9 0.15551140171313785 0.002150537634408602 0.038357857043692246
23 0.7758064516129032 0.21453765618719758 0.013978494623655914 0.00993433680657457
23 0.7032258064516129 0.2255186892885583 0.0064516129032258064 0.015666218863291833
9 0.8623655913978494 0.15474793249410873 0.002150537634408602 0.045002371987402416
9 0.8505376344086022 0.1542360242577089 0.002150537634408602 0.035807102132834376
30 0.8467741935483871 0.22840614419082408 0.00967741935483871 0.10060452609856028
31 0.8252688172043011 0.1891882724838634 0.001075268817204301 0.1543525760047529
31 0.7903225806451613 0.16558317234319353 0.015053763440860216 0.19752817631790873
30 0.8688172043010752 0.22214925894136855 0.008602150537634409 0.03940099623341098
23 0.4838709677419355 0.2150258649323905 0.01935483870967742 0.01627137776309458
31 0.5155913978494624 0.1742976885226958 0.005376344086021506 0.07593043066280819
23 0.027419354838709678 0.23951338888566404 0.02258064516129032 0.043655618057503315
23 0.15698924731182795 0.23875749079644795 0.015053763440860216 0.03850533241192614
17 0.08064516129032258 0.22445472498573085 0.11612903225806452 0.0858450951683228
23 0.1424731182795699 0.2586679711683201 0.005376344086021506 0.050632344896231724
0 0.17150537634408602 0.21987336540992633 0.013978494623655914 0.0401491402528434
9 0.2956989247311828 0.15760991559525228 0.002150537634408602 0.03927840578511529
23 0.5258064516129032 0.20963768220272386 0.017204301075268817 0.01791351603399917
23 0.22311827956989247 0.24534285322277202 0.00967741935483871 0.06255614642147941
23 0.24086021505376345 0.2568033361491592 0.0064516129032258064 0.05436161493455354
9 0.2725806451612903 0.1532874130811081 0.001075268817204301 0.019128114455162257
23 0.005376344086021506 0.2316321933443986 0.004301075268817204 0.02425473750782745
17 0.3188172043010753 0.21007741916457418 0.011827956989247311 0.06736428586747625
23 0.20161290322580644 0.24106638558993848 0.00967741935483871 0.04857636316131835
17 0.3553763440860215 0.21203964594158234 0.03763440860215054 0.054127527658722155
23 0.46881720430107526 0.2596317407206531 0.010752688172043012 0.02982847200346168
0 0.4720430107526882 0.19026852508280082 0.004301075268817204 0.05483410954822315
36 0.3317204301075269 0.2357371893971389 0.005376344086021506 0.061254742178201954
23 0.5134408602150538 0.2513814404147001 0.007526881720430108 0.0360592833889918
23 0.3446236559139785 0.23295574233756378 0.024731182795698924 0.06278303632916825
5 0.5053763440860215 0.18779717192049578 0.008602150537634409 0.10620136177867477
23 0.4521505376344086 0.24354377601975163 0.016129032258064516 0.06615430082752015
23 0.4075268817204301 0.24489203453151004 0.002150537634408602 0.06345778380400333
