7 0.9768817204301076 0.21792527152417998 0.007526881720430108 0.04028601775424749
7 0.8397849462365592 0.2131854190799575 0.05806451612903226 0.03622833163829969
7 0.8956989247311828 0.21844869093766503 0.0064516129032258064 0.043142633006294846
31 0.6209677419354839 0.19797967566154093 0.007526881720430108 0.07628989684414134
23 0.5284946236559139 0.2396475685165887 0.01827956989247312 0.06365368815488674
7 0.7881720430107527 0.21331451825493952 0.023655913978494623 0.04368249207894558
7 0.6430107526881721 0.2175084162631431 0.010752688172043012 0.04306940825328101
7 0.9403225806451613 0.2188320139446513 0.024731182795698924 0.038472532913304866
23 0.3618279569892473 0.23523569325769103 0.011827956989247311 0.07671663764634686
7 0.7596774193548387 0.21615652881284286 0.007526881720430108 0.04577318315388153
