12 0.4752688172043011 0.5 0.0064516129032258064 1.0
12 0.21129032258064517 0.5 0.007526881720430108 1.0
12 0.31451612903225806 0.5 0.007526881720430108 1.0
12 0.35161290322580646 0.5 0.0064516129032258064 1.0
12 0.17150537634408602 0.5 0.007526881720430108 1.0
12 0.5661290322580645 0.5 0.005376344086021506 1.0
12 0.07365591397849462 0.5 0.0032258064516129032 1.0
12 0.026881720430107527 0.5 0.0064516129032258064 1.0
12 0.736021505376344 0.5 0.0032258064516129032 1.0
12 0.9026881720430108 0.5 0.005376344086021506 1.0
12 0.12741935483870967 0.5 0.007526881720430108 1.0
17 0.1967741935483871 0.5 0.008602150537634409 1.0
