11 0.2532258064516129 0.5 0.00967741935483871 1.0
9 0.4150537634408602 0.5 0.030107526881720432 1.0
23 0.3924731182795699 0.5 0.010752688172043012 1.0
31 0.3956989247311828 0.5 0.002150537634408602 1.0
23 0.42795698924731185 0.5 0.004301075268817204 1.0
23 0.14946236559139786 0.5 0.017204301075268817 1.0
11 0.11344086021505376 0.5 0.007526881720430108 1.0
9 0.3634408602150538 0.5 0.002150537634408602 1.0
23 0.04247311827956989 0.5 0.02258064516129032 1.0
9 0.3118279569892473 0.5 0.053763440860215055 1.0
23 0.27956989247311825 0.5 0.010752688172043012 1.0
23 0.5478494623655914 0.5 0.0032258064516129032 1.0
23 0.8467741935483871 0.5 0.00967741935483871 1.0
23 0.6268817204301075 0.5 0.02795698924731183 1.0
23 0.4075268817204301 0.5 0.012903225806451613 1.0
23 0.8817204301075269 0.5 0.008602150537634409 1.0
9 0.7709677419354839 0.5 0.053763440860215055 1.0
11 0.7365591397849462 0.5 0.008602150537634409 1.0
9 0.85 0.5 0.026881720430107527 1.0
9 0.667741935483871 0.5 0.034408602150537634 1.0
23 0.5897849462365592 0.5 0.013978494623655914 1.0
23 0.7209677419354839 0.5 0.024731182795698924 1.0
11 0.6021505376344086 0.5 0.004301075268817204 1.0
23 0.4553763440860215 0.5 0.02258064516129032 1.0
23 0.5559139784946237 0.5 0.004301075268817204 1.0
