7 0.5833333333333334 0.5 0.007526881720430108 1.0
9 0.8413978494623656 0.5 0.024731182795698924 1.0
9 0.7430107526881721 0.5 0.002150537634408602 1.0
9 0.3123655913978495 0.5 0.03978494623655914 1.0
9 0.6983870967741935 0.5 0.03978494623655914 1.0
9 0.37473118279569895 0.5 0.03763440860215054 1.0
9 0.2510752688172043 0.5 0.013978494623655914 1.0
9 0.4553763440860215 0.5 0.001075268817204301 1.0
19 0.49032258064516127 0.5 0.0064516129032258064 1.0
9 0.4188172043010753 0.5 0.001075268817204301 1.0
9 0.5795698924731183 0.5 0.15053763440860216 1.0
9 0.9838709677419355 0.5 0.012903225806451613 1.0
9 0.11290322580645161 0.5 0.1870967741935484 1.0
9 0.7801075268817205 0.5 0.026881720430107527 1.0
7 0.41774193548387095 0.5 0.02043010752688172 1.0
7 0.1381720430107527 0.5 0.007526881720430108 1.0
