0 0.2575268817204301 0.5 0.001075268817204301 1.0
31 0.5091397849462366 0.5 0.001075268817204301 1.0
25 0.5102150537634409 0.5 0.02903225806451613 1.0
31 0.26021505376344084 0.5 0.002150537634408602 1.0
25 0.6241935483870967 0.5 0.02043010752688172 1.0
31 0.821505376344086 0.5 0.002150537634408602 1.0
25 0.5688172043010753 0.5 0.002150537634408602 1.0
31 0.17258064516129032 0.5 0.001075268817204301 1.0
31 0.9639784946236559 0.5 0.001075268817204301 1.0
31 0.1521505376344086 0.5 0.001075268817204301 1.0
25 0.6908602150537635 0.5 0.0032258064516129032 1.0
31 0.7274193548387097 0.5 0.005376344086021506 1.0
25 0.9397849462365592 0.5 0.002150537634408602 1.0
31 0.1639784946236559 0.5 0.001075268817204301 1.0
25 0.8473118279569892 0.5 0.010752688172043012 1.0
25 0.6473118279569893 0.5 0.002150537634408602 1.0
0 0.0489247311827957 0.5 0.001075268817204301 1.0
0 0.11344086021505376 0.5 0.001075268817204301 1.0
0 0.08494623655913978 0.5 0.015053763440860216 1.0
31 0.13870967741935483 0.5 0.004301075268817204 1.0
0 0.16075268817204302 0.5 0.001075268817204301 1.0
25 0.8026881720430108 0.5 0.00967741935483871 1.0
