9 0.19086021505376344 0.5 0.041935483870967745 1.0
9 0.239247311827957 0.5 0.03118279569892473 1.0
19 0.15806451612903225 0.5 0.010752688172043012 1.0
37 0.22311827956989247 0.5 0.005376344086021506 1.0
9 0.34623655913978496 0.5 0.002150537634408602 1.0
9 0.5709677419354838 0.5 0.002150537634408602 1.0
5 0.5827956989247312 0.5 0.015053763440860216 1.0
19 0.3870967741935484 0.5 0.008602150537634409 1.0
23 0.39946236559139786 0.5 0.01827956989247312 1.0
9 0.5838709677419355 0.5 0.002150537634408602 1.0
9 0.4446236559139785 0.5 0.016129032258064516 1.0
23 0.2521505376344086 0.5 0.007526881720430108 1.0
37 0.4268817204301075 0.5 0.004301075268817204 1.0
37 0.2693548387096774 0.5 0.0032258064516129032 1.0
19 0.5672043010752689 0.5 0.005376344086021506 1.0
9 0.5048387096774194 0.5 0.08064516129032258 1.0
9 0.6532258064516129 0.5 0.01827956989247312 1.0
9 0.3924731182795699 0.5 0.06666666666666667 1.0
5 0.5983870967741935 0.5 0.005376344086021506 1.0
37 0.6397849462365591 0.5 0.002150537634408602 1.0
23 0.6161290322580645 0.5 0.010752688172043012 1.0
9 0.6166666666666667 0.5 0.03118279569892473 1.0
19 0.26129032258064516 0.5 0.008602150537634409 1.0
37 0.34946236559139787 0.5 0.004301075268817204 1.0
9 0.26666666666666666 0.5 0.002150537634408602 1.0
9 0.2994623655913978 0.5 0.041935483870967745 1.0
37 0.5543010752688172 0.5 0.007526881720430108 1.0
19 0.3327956989247312 0.5 0.00967741935483871 1.0
9 0.3338709677419355 0.5 0.001075268817204301 1.0
9 0.5580645161290323 0.5 0.002150537634408602 1.0
19 0.23010752688172043 0.5 0.008602150537634409 1.0
9 0.7102150537634409 0.5 0.001075268817204301 1.0
9 0.7241935483870968 0.5 0.001075268817204301 1.0
0 0.8139784946236559 0.5 0.010752688172043012 1.0
23 0.803763440860215 0.5 0.02903225806451613 1.0
9 0.7682795698924731 0.5 0.06559139784946237 1.0
9 0.8456989247311828 0.5 0.03978494623655914 1.0
19 0.6682795698924732 0.5 0.02258064516129032 1.0
0 0.1446236559139785 0.5 0.011827956989247311 1.0
9 0.6967741935483871 0.5 0.002150537634408602 1.0
5 0.6521505376344086 0.5 0.00967741935483871 1.0
37 0.7112903225806452 0.5 0.0032258064516129032 1.0
9 0.8806451612903226 0.5 0.002150537634408602 1.0
9 0.8736559139784946 0.5 0.001075268817204301 1.0
9 0.11720430107526882 0.5 0.07096774193548387 1.0
0 0.04516129032258064 0.5 0.012903225806451613 1.0
37 0.015053763440860216 0.5 0.004301075268817204 1.0
9 0.002150537634408602 0.5 0.002150537634408602 1.0
9 0.05591397849462366 0.5 0.030107526881720432 1.0
19 0.07741935483870968 0.5 0.010752688172043012 1.0
37 0.9704301075268817 0.5 0.005376344086021506 1.0
9 0.8129032258064516 0.5 0.002150537634408602 1.0
9 0.9586021505376344 0.5 0.001075268817204301 1.0
0 0.9349462365591398 0.5 0.011827956989247311 1.0
9 0.9301075268817204 0.5 0.002150537634408602 1.0
9 0.9091397849462366 0.5 0.04408602150537634 1.0
9 0.9827956989247312 0.5 0.015053763440860216 1.0
