23 0.23870967741935484 0.5 0.015053763440860216 1.0
23 0.2064516129032258 0.5 0.002150537634408602 1.0
23 0.13870967741935483 0.5 0.010752688172043012 1.0
23 0.26129032258064516 0.5 0.004301075268817204 1.0
11 0.06935483870967742 0.5 0.035483870967741936 1.0
23 0.06344086021505377 0.5 0.030107526881720432 1.0
5 0.47580645161290325 0.5 0.024731182795698924 1.0
10 0.5231182795698924 0.5 0.026881720430107527 1.0
23 0.5709677419354838 0.5 0.017204301075268817 1.0
23 0.3118279569892473 0.5 0.030107526881720432 1.0
11 0.29193548387096774 0.5 0.02043010752688172 1.0
23 0.49838709677419357 0.5 0.02043010752688172 1.0
23 0.2806451612903226 0.5 0.004301075268817204 1.0
23 0.4053763440860215 0.5 0.015053763440860216 1.0
23 0.041935483870967745 0.5 0.010752688172043012 1.0
10 0.7059139784946237 0.5 0.03118279569892473 1.0
11 0.7903225806451613 0.5 0.017204301075268817 1.0
12 0.7736559139784946 0.5 0.013978494623655914 1.0
11 0.014516129032258065 0.5 0.02903225806451613 1.0
23 0.6236559139784946 0.5 0.012903225806451613 1.0
10 0.8274193548387097 0.5 0.01827956989247312 1.0
23 0.703763440860215 0.5 0.007526881720430108 1.0
23 0.7634408602150538 0.5 0.004301075268817204 1.0
7 0.3403225806451613 0.5 0.007526881720430108 1.0
10 0.8806451612903226 0.5 0.01935483870967742 1.0
10 0.9532258064516129 0.5 0.016129032258064516 1.0
23 0.9639784946236559 0.5 0.011827956989247311 1.0
23 0.8682795698924731 0.5 0.005376344086021506 1.0
23 0.8526881720430107 0.5 0.002150537634408602 1.0
23 0.6478494623655914 0.5 0.011827956989247311 1.0
