31 0.3209677419354839 0.5 0.001075268817204301 1.0
31 0.31451612903225806 0.5 0.001075268817204301 1.0
31 0.2870967741935484 0.5 0.03870967741935484 1.0
31 0.2537634408602151 0.5 0.002150537634408602 1.0
31 0.34838709677419355 0.5 0.04516129032258064 1.0
23 0.23870967741935484 0.5 0.010752688172043012 1.0
31 0.30913978494623656 0.5 0.001075268817204301 1.0
31 0.24731182795698925 0.5 0.002150537634408602 1.0
23 0.07741935483870968 0.5 0.04086021505376344 1.0
31 0.23279569892473118 0.5 0.005376344086021506 1.0
31 0.6198924731182796 0.5 0.005376344086021506 1.0
22 0.843010752688172 0.5 0.008602150537634409 1.0
31 0.42473118279569894 0.5 0.07741935483870968 1.0
0 0.20913978494623656 0.5 0.001075268817204301 1.0
31 0.21989247311827956 0.5 0.001075268817204301 1.0
0 0.2252688172043011 0.5 0.001075268817204301 1.0
