11 0.34946236559139787 0.5 0.004301075268817204 1.0
23 0.939247311827957 0.5 0.02258064516129032 1.0
23 0.7053763440860215 0.5 0.0064516129032258064 1.0
11 0.6311827956989248 0.5 0.008602150537634409 1.0
23 0.3188172043010753 0.5 0.02043010752688172 1.0
23 0.8569892473118279 0.5 0.0064516129032258064 1.0
23 0.060215053763440864 0.5 0.021505376344086023 1.0
12 0.7381720430107527 0.5 0.03978494623655914 1.0
5 0.15268817204301074 0.5 0.08172043010752689 1.0
11 0.6580645161290323 0.5 0.023655913978494623 1.0
19 0.639247311827957 0.5 0.007526881720430108 1.0
19 0.639247311827957 0.5 0.007526881720430108 1.0
10 0.6543010752688172 0.5 0.02258064516129032 1.0
11 0.9016129032258065 0.5 0.013978494623655914 1.0
11 0.08118279569892473 0.5 0.013978494623655914 1.0
11 0.8650537634408603 0.5 0.005376344086021506 1.0
