9 0.4064516129032258 0.5 0.04086021505376344 1.0
0 0.3553763440860215 0.5 0.01827956989247312 1.0
18 0.28279569892473116 0.5 0.010752688172043012 1.0
9 0.36075268817204303 0.5 0.001075268817204301 1.0
19 0.5172043010752688 0.5 0.004301075268817204 1.0
25 0.24301075268817204 0.5 0.002150537634408602 1.0
27 0.10215053763440861 0.5 0.010752688172043012 1.0
19 0.12258064516129032 0.5 0.012903225806451613 1.0
31 0.9827956989247312 0.5 0.004301075268817204 1.0
19 0.03978494623655914 0.5 0.010752688172043012 1.0
31 0.9301075268817204 0.5 0.0064516129032258064 1.0
19 0.8924731182795699 0.5 0.008602150537634409 1.0
19 0.6634408602150538 0.5 0.012903225806451613 1.0
18 0.18924731182795698 0.5 0.010752688172043012 1.0
28 0.6532258064516129 0.5 0.016129032258064516 1.0
0 0.5956989247311828 0.5 0.012903225806451613 1.0
19 0.9650537634408602 0.5 0.007526881720430108 1.0
28 0.6908602150537635 0.5 0.011827956989247311 1.0
31 0.967741935483871 0.5 0.002150537634408602 1.0
31 0.9483870967741935 0.5 0.017204301075268817 1.0
31 0.9623655913978495 0.5 0.004301075268817204 1.0
11 0.7172043010752688 0.5 0.004301075268817204 1.0
23 0.760752688172043 0.5 0.011827956989247311 1.0
16 0.7951612903225806 0.5 0.00967741935483871 1.0
19 0.8327956989247312 0.5 0.011827956989247311 1.0
