9 0.44408602150537635 0.5 0.025806451612903226 1.0
23 0.6618279569892473 0.5 0.02043010752688172 1.0
9 0.8134408602150538 0.5 0.06344086021505377 1.0
9 0.617741935483871 0.5 0.001075268817204301 1.0
23 0.5301075268817205 0.5 0.012903225806451613 1.0
9 0.267741935483871 0.5 0.05161290322580645 1.0
9 0.37473118279569895 0.5 0.001075268817204301 1.0
9 0.3311827956989247 0.5 0.002150537634408602 1.0
9 0.1639784946236559 0.5 0.001075268817204301 1.0
9 0.2086021505376344 0.5 0.015053763440860216 1.0
9 0.1774193548387097 0.5 0.002150537634408602 1.0
9 0.6661290322580645 0.5 0.001075268817204301 1.0
9 0.1403225806451613 0.5 0.001075268817204301 1.0
