9 0.19193548387096773 0.5 0.1043010752688172 1.0
11 0.02258064516129032 0.5 0.008602150537634409 1.0
23 0.031720430107526884 0.5 0.0032258064516129032 1.0
9 0.034408602150537634 0.5 0.004301075268817204 1.0
23 0.11505376344086021 0.5 0.025806451612903226 1.0
9 0.08817204301075268 0.5 0.06451612903225806 1.0
23 0.5069892473118279 0.5 0.013978494623655914 1.0
11 0.16129032258064516 0.5 0.025806451612903226 1.0
23 0.06505376344086021 0.5 0.026881720430107527 1.0
23 0.04032258064516129 0.5 0.001075268817204301 1.0
11 0.13333333333333333 0.5 0.010752688172043012 1.0
23 0.4838709677419355 0.5 0.02795698924731183 1.0
9 0.32526881720430106 0.5 0.001075268817204301 1.0
23 0.4118279569892473 0.5 0.002150537634408602 1.0
5 0.42634408602150536 0.5 0.00967741935483871 1.0
31 0.41774193548387095 0.5 0.001075268817204301 1.0
9 0.5145161290322581 0.5 0.001075268817204301 1.0
31 0.40591397849462363 0.5 0.005376344086021506 1.0
23 0.38064516129032255 0.5 0.017204301075268817 1.0
23 0.3596774193548387 0.5 0.02043010752688172 1.0
23 0.19462365591397848 0.5 0.017204301075268817 1.0
5 0.39301075268817204 0.5 0.041935483870967745 1.0
9 0.30806451612903224 0.5 0.001075268817204301 1.0
5 0.31129032258064515 0.5 0.06989247311827956 1.0
5 0.9112903225806451 0.5 0.04408602150537634 1.0
11 0.2478494623655914 0.5 0.00967741935483871 1.0
23 0.00913978494623656 0.5 0.01827956989247312 1.0
23 0.7844086021505376 0.5 0.007526881720430108 1.0
23 0.9419354838709677 0.5 0.010752688172043012 1.0
0 0.8424731182795699 0.5 0.016129032258064516 1.0
9 0.5306451612903226 0.5 0.001075268817204301 1.0
23 0.23440860215053763 0.5 0.01935483870967742 1.0
9 0.2639784946236559 0.5 0.001075268817204301 1.0
23 0.613978494623656 0.5 0.004301075268817204 1.0
5 0.6973118279569892 0.5 0.03763440860215054 1.0
9 0.717741935483871 0.5 0.08064516129032258 1.0
23 0.6602150537634408 0.5 0.015053763440860216 1.0
23 0.6295698924731182 0.5 0.016129032258064516 1.0
11 0.5768817204301075 0.5 0.013978494623655914 1.0
23 0.5672043010752689 0.5 0.005376344086021506 1.0
23 0.5854838709677419 0.5 0.0032258064516129032 1.0
9 0.2860215053763441 0.5 0.002150537634408602 1.0
