21 0.2510752688172043 0.5 0.007526881720430108 1.0
9 0.6634408602150538 0.5 0.002150537634408602 1.0
9 0.571505376344086 0.5 0.001075268817204301 1.0
31 0.2467741935483871 0.5 0.001075268817204301 1.0
9 0.3446236559139785 0.5 0.001075268817204301 1.0
9 0.23817204301075268 0.5 0.001075268817204301 1.0
0 0.23817204301075268 0.5 0.011827956989247311 1.0
9 0.7215053763440861 0.5 0.025806451612903226 1.0
9 0.22473118279569892 0.5 0.002150537634408602 1.0
23 0.7698924731182796 0.5 0.03655913978494624 1.0
9 0.610752688172043 0.5 0.05591397849462366 1.0
9 0.3586021505376344 0.5 0.001075268817204301 1.0
7 0.9129032258064517 0.5 0.0064516129032258064 1.0
23 0.8956989247311828 0.5 0.0064516129032258064 1.0
31 0.22795698924731184 0.5 0.002150537634408602 1.0
9 0.9801075268817204 0.5 0.013978494623655914 1.0
21 0.2801075268817204 0.5 0.0032258064516129032 1.0
21 0.2693548387096774 0.5 0.0032258064516129032 1.0
21 0.25806451612903225 0.5 0.002150537634408602 1.0
23 0.17580645161290323 0.5 0.005376344086021506 1.0
0 0.1553763440860215 0.5 0.011827956989247311 1.0
9 0.2779569892473118 0.5 0.054838709677419356 1.0
9 0.4258064516129032 0.5 0.043010752688172046 1.0
9 0.5086021505376344 0.5 0.1010752688172043 1.0
23 0.05161290322580645 0.5 0.015053763440860216 1.0
7 0.02043010752688172 0.5 0.0064516129032258064 1.0
9 0.3247311827956989 0.5 0.015053763440860216 1.0
