11 0.24247311827956988 0.5 0.016129032258064516 1.0
5 0.46881720430107526 0.5 0.002150537634408602 1.0
9 0.3317204301075269 0.5 0.041935483870967745 1.0
5 0.49838709677419357 0.5 0.024731182795698924 1.0
5 0.5241935483870968 0.5 0.0032258064516129032 1.0
17 0.5360215053763441 0.5 0.001075268817204301 1.0
17 0.5682795698924731 0.5 0.001075268817204301 1.0
9 0.4827956989247312 0.5 0.002150537634408602 1.0
17 0.5586021505376344 0.5 0.001075268817204301 1.0
17 0.5844086021505376 0.5 0.001075268817204301 1.0
9 0.19301075268817205 0.5 0.041935483870967745 1.0
17 0.5924731182795699 0.5 0.004301075268817204 1.0
17 0.41236559139784945 0.5 0.0032258064516129032 1.0
9 0.42473118279569894 0.5 0.06666666666666667 1.0
36 0.8032258064516129 0.5 0.004301075268817204 1.0
9 0.12311827956989248 0.5 0.001075268817204301 1.0
9 0.5483870967741935 0.5 0.002150537634408602 1.0
