19 0.041935483870967745 0.21733109972211379 0.008602150537634409 0.040158908587824345
13 0.06827956989247312 0.23325056493071883 0.005376344086021506 0.042471288337427776
19 0.09193548387096774 0.2115957749792872 0.01827956989247312 0.053042659346987146
19 0.16075268817204302 0.20548899168592072 0.02903225806451613 0.05976073174998949
13 0.19301075268817205 0.23826018433426394 0.02043010752688172 0.05045001625788236
13 0.310752688172043 0.24025643521908166 0.004301075268817204 0.04418511226115683
13 0.2967741935483871 0.2484806972339681 0.0064516129032258064 0.04611107173639256
13 0.9935483870967742 0.2286451808534898 0.004301075268817204 0.04946033124968152
13 0.656989247311828 0.23956413832220452 0.01935483870967742 0.07330827168487199
13 0.5505376344086022 0.24564803371762048 0.0064516129032258064 0.042532523046211614
