12 0.43655913978494626 0.19696779994978375 0.03225806451612903 0.08453005618511586
12 0.11720430107526882 0.19522457474872051 0.02795698924731183 0.07687210637007783
19 0.5225806451612903 0.20806834885271813 0.0064516129032258064 0.027143184968066943
12 0.35913978494623655 0.19653746636685274 0.023655913978494623 0.07112726472323061
12 0.031720430107526884 0.20735472556834056 0.013978494623655914 0.05888020072202309
12 0.27365591397849465 0.1983165618845257 0.024731182795698924 0.06864178506168726
12 0.5639784946236559 0.19627545748234096 0.02903225806451613 0.08205395819619238
12 0.9521505376344086 0.19732632860594673 0.03333333333333333 0.08524711349744186
12 0.714516129032258 0.19657761740159144 0.016129032258064516 0.07260529089375932
12 0.8360215053763441 0.19510103479931445 0.03978494623655914 0.07244434198044075
12 0.6301075268817204 0.19775006514490662 0.03655913978494624 0.0749501863803897
