19 0.22258064516129034 0.19957446488121702 0.017204301075268817 0.06042128728665768
19 0.13709677419354838 0.19544645694789234 0.00967741935483871 0.0584156462403829
19 0.006989247311827957 0.20462888905863286 0.013978494623655914 0.04688044769358046
19 0.05591397849462366 0.19735888793310916 0.01935483870967742 0.07002248807434693
19 0.9629032258064516 0.2041692905934188 0.07419354838709677 0.06333772391057754
19 0.11989247311827957 0.2001268464907987 0.013978494623655914 0.06621595215709523
19 0.8365591397849462 0.1915636965176096 0.04516129032258064 0.06618116710094839
19 0.40376344086021504 0.20051589781856163 0.03978494623655914 0.04657630616887639
19 0.49731182795698925 0.1944325014835766 0.08709677419354839 0.06727322284369298
19 0.5881720430107527 0.2097560593495498 0.025806451612903226 0.031499624960005385
7 0.667741935483871 0.21381646298697574 0.0064516129032258064 0.038002720631106254
7 0.8075268817204301 0.21771111538801846 0.0064516129032258064 0.03277985292456917
1 0.7059139784946237 0.19288461174882268 0.06129032258064516 0.0703690023132008
