19 0.2129032258064516 0.5 0.010752688172043012 1.0
13 0.1064516129032258 0.5 0.017204301075268817 1.0
13 0.6903225806451613 0.5 0.008602150537634409 1.0
13 0.19731182795698926 0.5 0.01827956989247312 1.0
19 0.5252688172043011 0.5 0.03333333333333333 1.0
13 0.3510752688172043 0.5 0.02043010752688172 1.0
19 0.30268817204301074 0.5 0.02258064516129032 1.0
13 0.22043010752688172 0.5 0.0064516129032258064 1.0
13 0.004301075268817204 0.5 0.008602150537634409 1.0
19 0.41935483870967744 0.5 0.02795698924731183 1.0
13 0.21021505376344085 0.5 0.007526881720430108 1.0
