13 0.5758064516129032 0.5 0.016129032258064516 1.0
19 0.9096774193548387 0.5 0.06236559139784946 1.0
13 0.3102150537634409 0.5 0.013978494623655914 1.0
19 0.782258064516129 0.5 0.041935483870967745 1.0
19 0.617741935483871 0.5 0.03763440860215054 1.0
19 0.20806451612903226 0.5 0.06989247311827956 1.0
19 0.6645161290322581 0.5 0.05161290322580645 1.0
19 0.38924731182795697 0.5 0.1032258064516129 1.0
13 0.2510752688172043 0.5 0.016129032258064516 1.0
13 0.12473118279569892 0.5 0.017204301075268817 1.0
19 0.0967741935483871 0.5 0.03655913978494624 1.0
13 0.07096774193548387 0.5 0.017204301075268817 1.0
19 0.044623655913978495 0.5 0.035483870967741936 1.0
19 0.5596774193548387 0.5 0.016129032258064516 1.0
