0 0.17258064516129032 0.5 0.024731182795698924 1.0
33 0.9543010752688172 0.5 0.02903225806451613 1.0
34 0.9387096774193548 0.5 0.11182795698924732 1.0
0 0.8397849462365592 0.5 0.03870967741935484 1.0
34 0.016666666666666666 0.5 0.024731182795698924 1.0
8 0.8580645161290322 0.5 0.0989247311827957 1.0
0 0.6908602150537635 0.5 0.16021505376344086 1.0
16 0.9768817204301076 0.5 0.024731182795698924 1.0
34 0.774731182795699 0.5 0.16666666666666666 1.0
16 0.289247311827957 0.5 0.021505376344086023 1.0
6 0.8978494623655914 0.5 0.034408602150537634 1.0
0 0.20698924731182797 0.5 0.03333333333333333 1.0
8 0.13763440860215054 0.5 0.10967741935483871 1.0
33 0.10376344086021505 0.5 0.13225806451612904 1.0
34 0.15 0.5 0.013978494623655914 1.0
8 0.3327956989247312 0.5 0.11935483870967742 1.0
34 0.41451612903225804 0.5 0.35591397849462364 1.0
0 0.06451612903225806 0.5 0.043010752688172046 1.0
