0 0.4274193548387097 0.5 0.005376344086021506 1.0
32 0.4236559139784946 0.5 0.008602150537634409 1.0
0 0.13279569892473117 0.5 0.007526881720430108 1.0
32 0.4698924731182796 0.5 0.012903225806451613 1.0
0 0.3279569892473118 0.5 0.015053763440860216 1.0
32 0.3736559139784946 0.5 0.00967741935483871 1.0
0 0.2618279569892473 0.5 0.007526881720430108 1.0
32 0.3172043010752688 0.5 0.012903225806451613 1.0
0 0.28225806451612906 0.5 0.007526881720430108 1.0
32 0.10806451612903226 0.5 0.011827956989247311 1.0
0 0.4817204301075269 0.5 0.010752688172043012 1.0
0 0.046236559139784944 0.5 0.0064516129032258064 1.0
28 0.44193548387096776 0.5 0.07526881720430108 1.0
32 0.2537634408602151 0.5 0.008602150537634409 1.0
0 0.21989247311827956 0.5 0.013978494623655914 1.0
0 0.5 0.5 0.010752688172043012 1.0
6 0.027419354838709678 0.5 0.03333333333333333 1.0
32 0.054838709677419356 0.5 0.010752688172043012 1.0
28 0.10483870967741936 0.5 0.1064516129032258 1.0
0 0.07150537634408602 0.5 0.011827956989247311 1.0
0 0.07150537634408602 0.5 0.011827956989247311 1.0
0 0.38064516129032255 0.5 0.015053763440860216 1.0
0 0.11559139784946236 0.5 0.01827956989247312 1.0
0 0.2731182795698925 0.5 0.015053763440860216 1.0
28 0.2623655913978495 0.5 0.09462365591397849 1.0
0 0.8935483870967742 0.5 0.012903225806451613 1.0
28 0.9435483870967742 0.5 0.07419354838709677 1.0
0 0.9521505376344086 0.5 0.007526881720430108 1.0
0 0.9688172043010753 0.5 0.010752688172043012 1.0
32 0.1639784946236559 0.5 0.011827956989247311 1.0
0 0.17634408602150536 0.5 0.015053763440860216 1.0
32 0.21505376344086022 0.5 0.008602150537634409 1.0
0 0.5451612903225806 0.5 0.002150537634408602 1.0
0 0.8139784946236559 0.5 0.002150537634408602 1.0
0 0.5102150537634409 0.5 0.005376344086021506 1.0
32 0.6618279569892473 0.5 0.00967741935483871 1.0
0 0.5333333333333333 0.5 0.010752688172043012 1.0
32 0.7064516129032258 0.5 0.010752688172043012 1.0
0 0.5575268817204301 0.5 0.011827956989247311 1.0
32 0.5720430107526882 0.5 0.010752688172043012 1.0
28 0.6123655913978494 0.5 0.04408602150537634 1.0
8 0.7279569892473118 0.5 0.22580645161290322 1.0
0 0.7553763440860215 0.5 0.013978494623655914 1.0
6 0.6430107526881721 0.5 0.023655913978494623 1.0
0 0.6225806451612903 0.5 0.012903225806451613 1.0
0 0.6854838709677419 0.5 0.03118279569892473 1.0
32 0.6096774193548387 0.5 0.010752688172043012 1.0
