34 0.7870967741935484 0.5 0.07741935483870968 1.0
8 0.06989247311827956 0.5 0.07956989247311828 1.0
0 0.04032258064516129 0.5 0.046236559139784944 1.0
34 0.00913978494623656 0.5 0.016129032258064516 1.0
0 0.9854838709677419 0.5 0.005376344086021506 1.0
34 0.36989247311827955 0.5 0.060215053763440864 1.0
34 0.9145161290322581 0.5 0.15806451612903225 1.0
34 0.07849462365591398 0.5 0.03225806451612903 1.0
34 0.14301075268817204 0.5 0.04516129032258064 1.0
0 0.08548387096774193 0.5 0.005376344086021506 1.0
6 0.5494623655913978 0.5 0.030107526881720432 1.0
34 0.6876344086021505 0.5 0.05053763440860215 1.0
34 0.6172043010752688 0.5 0.05161290322580645 1.0
34 0.5887096774193549 0.5 0.03763440860215054 1.0
34 0.7354838709677419 0.5 0.017204301075268817 1.0
34 0.23333333333333334 0.5 0.09032258064516129 1.0
34 0.5075268817204301 0.5 0.043010752688172046 1.0
