8 0.36236559139784946 0.5 0.1032258064516129 1.0
0 0.28978494623655915 0.5 0.013978494623655914 1.0
0 0.3247311827956989 0.5 0.015053763440860216 1.0
0 0.47795698924731184 0.5 0.2870967741935484 1.0
33 0.5166666666666667 0.5 0.2118279569892473 1.0
0 0.2693548387096774 0.5 0.016129032258064516 1.0
34 0.646774193548387 0.5 0.04838709677419355 1.0
34 0.5543010752688172 0.5 0.12795698924731183 1.0
0 0.6553763440860215 0.5 0.02043010752688172 1.0
0 0.22258064516129034 0.5 0.0064516129032258064 1.0
34 0.02043010752688172 0.5 0.02795698924731183 1.0
33 0.04086021505376344 0.5 0.07526881720430108 1.0
25 0.04408602150537634 0.5 0.025806451612903226 1.0
0 0.05161290322580645 0.5 0.01935483870967742 1.0
0 0.1956989247311828 0.5 0.03870967741935484 1.0
0 0.20053763440860214 0.5 0.04838709677419355 1.0
34 0.128494623655914 0.5 0.07204301075268817 1.0
0 0.15483870967741936 0.5 0.025806451612903226 1.0
34 0.11397849462365592 0.5 0.2129032258064516 1.0
0 0.011827956989247311 0.5 0.008602150537634409 1.0
34 0.8779569892473118 0.5 0.035483870967741936 1.0
0 0.9112903225806451 0.5 0.0032258064516129032 1.0
0 0.07634408602150537 0.5 0.017204301075268817 1.0
34 0.7172043010752688 0.5 0.03655913978494624 1.0
0 0.9564516129032258 0.5 0.00967741935483871 1.0
34 0.9295698924731183 0.5 0.013978494623655914 1.0
0 0.9419354838709677 0.5 0.047311827956989246 1.0
34 0.6940860215053763 0.5 0.013978494623655914 1.0
8 0.9833333333333333 0.5 0.03333333333333333 1.0
0 0.7215053763440861 0.5 0.025806451612903226 1.0
0 0.7956989247311828 0.5 0.02795698924731183 1.0
0 0.8010752688172043 0.5 0.0064516129032258064 1.0
34 0.7661290322580645 0.5 0.016129032258064516 1.0
34 0.7435483870967742 0.5 0.016129032258064516 1.0
34 0.8274193548387097 0.5 0.013978494623655914 1.0
34 0.2360215053763441 0.5 0.11290322580645161 1.0
