33 0.3956989247311828 0.5 0.008602150537634409 1.0
0 0.7629032258064516 0.5 0.01827956989247312 1.0
34 0.03978494623655914 0.5 0.07956989247311828 1.0
33 0.8118279569892473 0.5 0.3161290322580645 1.0
0 0.14677419354838708 0.5 0.22688172043010751 1.0
34 0.3365591397849462 0.5 0.12688172043010754 1.0
0 0.1349462365591398 0.5 0.24408602150537634 1.0
34 0.8913978494623656 0.5 0.21505376344086022 1.0
0 0.9145161290322581 0.5 0.016129032258064516 1.0
33 0.1446236559139785 0.5 0.289247311827957 1.0
0 0.8887096774193548 0.5 0.0032258064516129032 1.0
8 0.9338709677419355 0.5 0.13225806451612904 1.0
0 0.4962365591397849 0.5 0.13225806451612904 1.0
34 0.6096774193548387 0.5 0.2924731182795699 1.0
0 0.9774193548387097 0.5 0.04516129032258064 1.0
33 0.5844086021505376 0.5 0.046236559139784944 1.0
