34 0.8919354838709678 0.5 0.0935483870967742 1.0
0 0.6693548387096774 0.5 0.02258064516129032 1.0
34 0.4258064516129032 0.5 0.10752688172043011 1.0
34 0.7564516129032258 0.5 0.14731182795698924 1.0
33 0.44247311827956987 0.5 0.06129032258064516 1.0
34 0.2698924731182796 0.5 0.08817204301075268 1.0
33 0.7865591397849462 0.5 0.22258064516129034 1.0
33 0.5741935483870968 0.5 0.11397849462365592 1.0
8 0.3741935483870968 0.5 0.15483870967741936 1.0
0 0.2768817204301075 0.5 0.026881720430107527 1.0
8 0.5451612903225806 0.5 0.01935483870967742 1.0
8 0.9661290322580646 0.5 0.06774193548387097 1.0
37 0.5844086021505376 0.5 0.013978494623655914 1.0
34 0.19946236559139785 0.5 0.03333333333333333 1.0
33 0.2763440860215054 0.5 0.15053763440860216 1.0
0 0.17634408602150536 0.5 0.002150537634408602 1.0
33 0.13064516129032258 0.5 0.05268817204301075 1.0
0 0.14516129032258066 0.5 0.030107526881720432 1.0
34 0.06290322580645161 0.5 0.12580645161290321 1.0
0 0.6349462365591397 0.5 0.02903225806451613 1.0
8 0.15698924731182795 0.5 0.11827956989247312 1.0
33 0.038172043010752686 0.5 0.06989247311827956 1.0
