33 0.8145161290322581 0.3972277978349226 0.005376344086021506 0.032740557817862295
33 0.8435483870967742 0.4021094665519953 0.00967741935483871 0.02576773400135662
33 0.09838709677419355 0.3956210357348704 0.02043010752688172 0.028364889946977705
33 0.46344086021505376 0.40110972588074273 0.021505376344086023 0.03422638013789696
33 0.539247311827957 0.3950395446926899 0.02043010752688172 0.037222217144800576
33 0.5897849462365592 0.38690290375084113 0.00967741935483871 0.020948935261103037
33 0.6263440860215054 0.3940105421937448 0.011827956989247311 0.021407478559307982
34 0.32204301075268815 0.2092435279993978 0.5817204301075268 0.2848488876303173
8 0.7123655913978495 0.27113298773752287 0.12150537634408602 0.19052163708993414
33 0.639247311827957 0.40161927265930997 0.0032258064516129032 0.04377575807486753
33 0.19032258064516128 0.3999405543293374 0.01935483870967742 0.026697755903297697
33 0.27043010752688174 0.39402713928414473 0.011827956989247311 0.020061206944700982
34 0.015591397849462365 0.23557274337019837 0.03118279569892473 0.2234439660484993
33 0.012903225806451613 0.3885656845911852 0.010752688172043012 0.040638403744680356
34 0.8333333333333334 0.18993173118491388 0.3053763440860215 0.24622529400134943
33 0.024731182795698924 0.3965770561510588 0.008602150537634409 0.024655224473470527
0 0.4150537634408602 0.25996136140587794 0.015053763440860216 0.03874356700529002
33 0.36451612903225805 0.3939189426892456 0.021505376344086023 0.03733300896508979
0 0.9725806451612903 0.2723897620475215 0.02043010752688172 0.10054281766870274
