33 0.05053763440860215 0.39866073214891434 0.08602150537634409 0.013365000929224368
34 0.24086021505376345 0.27284530899373055 0.017204301075268817 0.08547028310811909
34 0.4150537634408602 0.20176143207716557 0.3096774193548387 0.26988469578585284
0 0.01827956989247312 0.29231567194495767 0.0064516129032258064 0.0816713640863958
0 0.044623655913978495 0.28480812478703604 0.013978494623655914 0.10353477316341833
0 0.11720430107526882 0.28264919829402063 0.010752688172043012 0.1146600064268648
34 0.11559139784946236 0.20616065422109842 0.16881720430107527 0.2786831400737185
0 0.18118279569892473 0.27823305533491616 0.00967741935483871 0.09792107763884841
0 0.19731182795698926 0.2216228286372823 0.005376344086021506 0.03387010369066501
0 0.3123655913978495 0.1707571249329356 0.024731182795698924 0.1225606213102447
0 0.06075268817204301 0.22328343766347247 0.005376344086021506 0.023540364838393547
33 0.2731182795698925 0.39204244637830665 0.01935483870967742 0.027671965028825345
0 0.13655913978494624 0.2813148508528237 0.004301075268817204 0.08910070705685492
0 0.6543010752688172 0.28838828768210495 0.25268817204301075 0.10419880797448339
33 0.460752688172043 0.3857251444421853 0.016129032258064516 0.008854444564407817
0 0.22741935483870968 0.16985320413824553 0.03333333333333333 0.04182684006343963
0 0.09032258064516129 0.283166951051439 0.017204301075268817 0.10626016147983523
33 0.8166666666666667 0.40145950719502504 0.01827956989247312 0.00776745083700286
0 0.33064516129032256 0.22070990235295843 0.005376344086021506 0.04312224609894704
33 0.6833333333333333 0.3995834617607668 0.03978494623655914 0.011519541705519425
0 0.4956989247311828 0.2809308046619952 0.03870967741935484 0.08618996039996245
0 0.1043010752688172 0.21367510774540197 0.004301075268817204 0.020555579229077494
34 0.7881720430107527 0.20002474393261538 0.4236559139784946 0.26641131949675245
8 0.6666666666666666 0.2763934016213879 0.08172043010752689 0.13184973029377625
8 0.7521505376344086 0.3270220792368351 0.4075268817204301 0.23912346551822578
