31 0.11505376344086021 0.5 0.03870967741935484 1.0
31 0.4327956989247312 0.5 0.07204301075268817 1.0
31 0.37473118279569895 0.5 0.03333333333333333 1.0
31 0.3370967741935484 0.5 0.03333333333333333 1.0
0 0.3311827956989247 0.5 0.034408602150537634 1.0
0 0.1338709677419355 0.5 0.03118279569892473 1.0
31 0.17419354838709677 0.5 0.047311827956989246 1.0
31 0.23870967741935484 0.5 0.05161290322580645 1.0
31 0.29623655913978497 0.5 0.046236559139784944 1.0
31 0.5091397849462366 0.5 0.06989247311827956 1.0
31 0.05591397849462366 0.5 0.03870967741935484 1.0
31 0.9940860215053764 0.5 0.011827956989247311 1.0
0 0.5344086021505376 0.5 0.034408602150537634 1.0
31 0.5725806451612904 0.5 0.046236559139784944 1.0
5 0.7768817204301075 0.5 0.007526881720430108 1.0
31 0.9376344086021505 0.5 0.0967741935483871 1.0
31 0.839247311827957 0.5 0.08709677419354839 1.0
0 0.7758064516129032 0.5 0.02903225806451613 1.0
31 0.7408602150537634 0.5 0.09032258064516129 1.0
31 0.6494623655913978 0.5 0.09032258064516129 1.0
0 0.7521505376344086 0.5 0.011827956989247311 1.0
