5 0.9295698924731183 0.5 0.13440860215053763 1.0
33 0.7709677419354839 0.5 0.010752688172043012 1.0
5 0.7349462365591398 0.5 0.03118279569892473 1.0
34 0.7758064516129032 0.5 0.14731182795698924 1.0
34 0.4817204301075269 0.5 0.6752688172043011 1.0
23 0.004838709677419355 0.5 0.005376344086021506 1.0
34 0.0989247311827957 0.5 0.03655913978494624 1.0
5 0.041935483870967745 0.5 0.08387096774193549 1.0
33 0.20483870967741935 0.5 0.005376344086021506 1.0
5 0.1381720430107527 0.5 0.041935483870967745 1.0
34 0.9037634408602151 0.5 0.19032258064516128 1.0
5 0.7790322580645161 0.5 0.03333333333333333 1.0
5 0.6225806451612903 0.5 0.15483870967741936 1.0
33 0.44408602150537635 0.5 0.0064516129032258064 1.0
5 0.6311827956989248 0.5 0.16129032258064516 1.0
34 0.4731182795698925 0.5 0.017204301075268817 1.0
5 0.41935483870967744 0.5 0.0989247311827957 1.0
5 0.5010752688172043 0.5 0.04086021505376344 1.0
33 0.5833333333333334 0.5 0.02043010752688172 1.0
0 0.6612903225806451 0.5 0.04086021505376344 1.0
33 0.989247311827957 0.5 0.010752688172043012 1.0
23 0.41559139784946236 0.5 0.026881720430107527 1.0
