6 0.30053763440860215 0.5 0.026881720430107527 1.0
6 0.38333333333333336 0.5 0.026881720430107527 1.0
22 0.18494623655913978 0.5 0.012903225806451613 1.0
6 0.05698924731182796 0.5 0.09462365591397849 1.0
6 0.21505376344086022 0.5 0.03870967741935484 1.0
0 0.8720430107526882 0.5 0.0064516129032258064 1.0
6 0.8123655913978495 0.5 0.03978494623655914 1.0
6 0.8795698924731182 0.5 0.0064516129032258064 1.0
6 0.45268817204301076 0.5 0.023655913978494623 1.0
6 0.1478494623655914 0.5 0.035483870967741936 1.0
6 0.6672043010752688 0.5 0.02903225806451613 1.0
6 0.567741935483871 0.5 0.025806451612903226 1.0
