36 0.2537634408602151 0.5 0.010752688172043012 1.0
0 0.28118279569892474 0.5 0.0032258064516129032 1.0
36 0.004301075268817204 0.5 0.008602150537634409 1.0
36 0.08064516129032258 0.5 0.047311827956989246 1.0
11 0.9779569892473118 0.5 0.03763440860215054 1.0
27 0.839247311827957 0.5 0.06774193548387097 1.0
0 0.4645161290322581 0.5 0.025806451612903226 1.0
34 0.6209677419354839 0.5 0.013978494623655914 1.0
0 0.6924731182795699 0.5 0.01935483870967742 1.0
11 0.7677419354838709 0.5 0.008602150537634409 1.0
36 0.44516129032258067 0.5 0.012903225806451613 1.0
36 0.20483870967741935 0.5 0.007526881720430108 1.0
