5 0.4381720430107527 0.1640463734578707 0.110752688172043 0.05149736039877661
31 0.5741935483870968 0.20900767217459335 0.015053763440860216 0.276994955139474
31 0.9091397849462366 0.17752449663158684 0.046236559139784944 0.023343895985721192
31 0.5096774193548387 0.2166750189524477 0.002150537634408602 0.28123306765915385
31 0.8102150537634408 0.2106136554676214 0.0032258064516129032 0.2802069217255301
14 0.5279569892473118 0.17878416195738156 0.012903225806451613 0.0848276705296017
31 0.6419354838709678 0.21205532142633116 0.030107526881720432 0.2904724627113869
5 0.1639784946236559 0.1639408956395203 0.29354838709677417 0.04355715439951035
31 0.44086021505376344 0.21316822774665867 0.03655913978494624 0.28162036356305603
14 0.9731182795698925 0.16527140251460887 0.02795698924731183 0.06549286480878608
5 0.5446236559139785 0.16674384978329904 0.01827956989247312 0.025807696052939366
31 0.3010752688172043 0.21316822774665867 0.15053763440860216 0.28162036356305603
14 0.09193548387096774 0.17173079790977386 0.016129032258064516 0.09323525505554328
5 0.6198924731182796 0.21097619551383323 0.07204301075268817 0.12987139360419186
