0 0.6989247311827957 0.28569950166801966 0.060215053763440864 0.04660604688505832
31 0.9327956989247311 0.16952186925293916 0.06344086021505377 0.12004139931566339
28 0.871505376344086 0.18345177957787626 0.01827956989247312 0.10647405317052946
34 0.7456989247311828 0.2657107368505641 0.03118279569892473 0.13374943851199023
34 0.1043010752688172 0.2715589514099473 0.015053763440860216 0.1554061615293687
0 0.2053763440860215 0.14362743322011273 0.35698924731182796 0.04525872708674794
29 0.1424731182795699 0.1645702365787503 0.0032258064516129032 0.18063943130404359
0 0.4752688172043011 0.2918791065433878 0.05161290322580645 0.052574517075215654
0 0.5327956989247312 0.1394960864237907 0.14731182795698924 0.035685331052251364
34 0.4956989247311828 0.22100654844919904 0.0064516129032258064 0.16301187038026257
0 0.2763440860215054 0.27844583180350085 0.02795698924731183 0.03964064287374143
29 0.65 0.1725391173115665 0.0032258064516129032 0.1821822563340788
29 0.17473118279569894 0.1841767302047873 0.0032258064516129032 0.20938131614812408
0 0.8758064516129033 0.29147140467585 0.0935483870967742 0.03506224086939775
0 0.5752688172043011 0.280106229648217 0.08172043010752689 0.04844778497213682
29 0.4553763440860215 0.20251949293783417 0.04838709677419355 0.2086059225444897
