30 0.3564516129032258 0.25363124731036807 0.0032258064516129032 0.2050164254547827
0 0.717741935483871 0.2187915804195495 0.011827956989247311 0.027961566025616176
0 0.8768817204301075 0.28760203705846704 0.00967741935483871 0.10706562278311901
0 0.6279569892473118 0.20560021705064022 0.0064516129032258064 0.033036272325059936
0 0.1913978494623656 0.23095455671841075 0.04516129032258064 0.0681088689306722
0 0.5774193548387097 0.21106430752180502 0.0064516129032258064 0.03722427953740391
30 0.38548387096774195 0.2557202556541782 0.005376344086021506 0.2261173936060032
0 0.24838709677419354 0.21289975328487803 0.010752688172043012 0.09142789206173586
0 0.38548387096774195 0.28795695777525787 0.3021505376344086 0.32318081193224624
30 0.22473118279569892 0.23166862471830313 0.0064516129032258064 0.15470907661311634
31 0.2 0.17339395559773454 0.1956989247311828 0.040289422537623215
0 0.09032258064516129 0.29168916995517585 0.06451612903225806 0.10093652788601971
0 0.010752688172043012 0.2421678588755788 0.012903225806451613 0.06178495285397168
30 0.15053763440860216 0.23213714639399607 0.015053763440860216 0.14496289982395835
31 0.8102150537634408 0.19595703217049443 0.110752688172043 0.11190046398204284
