9 0.08870967741935484 0.1826670744506734 0.016129032258064516 0.0670213791837647
0 0.14301075268817204 0.18689912521767696 0.025806451612903226 0.08223165815513557
34 0.9467741935483871 0.18829945928100877 0.06559139784946237 0.10032055007573493
0 0.9349462365591398 0.200952889167284 0.00967741935483871 0.03947677508238478
0 0.7870967741935484 0.2128465308170127 0.008602150537634409 0.04324238349215746
34 0.5806451612903226 0.2706539365604893 0.03870967741935484 0.10232322827716435
34 0.7580645161290323 0.2617456753905691 0.012903225806451613 0.11788223967360313
0 0.6516129032258065 0.21192900070225446 0.008602150537634409 0.03273994679195904
0 0.06666666666666667 0.17455023022825264 0.004301075268817204 0.10009155115002069
0 0.9849462365591398 0.20251892895597887 0.008602150537634409 0.045447398492001044
9 0.03763440860215054 0.1822029472070369 0.04516129032258064 0.10143069912246855
