0 0.8833333333333333 0.23174256902948717 0.001075268817204301 0.14749125305964897
0 0.85 0.21386042452495277 0.02258064516129032 0.14744329916910665
5 0.6801075268817204 0.20581390933743274 0.13440860215053763 0.15776478345771988
34 0.5935483870967742 0.22321995109881146 0.03655913978494624 0.22305437631565814
5 0.5580645161290323 0.20507109159993708 0.07741935483870968 0.16502196501913804
9 0.13279569892473117 0.17535653391026154 0.011827956989247311 0.0968500326033775
5 0.04247311827956989 0.14040391302281985 0.001075268817204301 0.048748537916085855
5 0.024193548387096774 0.17527425012743172 0.0032258064516129032 0.06583926886315794
5 0.15645161290322582 0.16630249262186847 0.001075268817204301 0.05232743536293804
5 0.3467741935483871 0.19204181875741674 0.267741935483871 0.1302206022976879
5 0.17688172043010753 0.17115960119010037 0.00967741935483871 0.140509825100725
