0 0.96662 0.503552 0.0667599 0.992896 0.41849
0 0.159726 0.49718 0.23066 0.993255 0.416747
0 0.458566 0.499944 0.286365 0.998734 0.393506
0 0.653899 0.501268 0.0326485 0.997465 0.389958
0 0.324901 0.502949 0.0405366 0.994103 0.389854
0 0.710031 0.502172 0.0557141 0.995657 0.351382
0 0.129815 0.500202 0.0825071 0.999596 0.285253
0 0.8983 0.501722 0.0322739 0.996556 0.252228
0 0.230559 0.501109 0.0962748 0.997781 0.219875
0 0.55697 0.501328 0.0545214 0.997344 0.218992
0 0.985922 0.51143 0.0267613 0.97714 0.203902
