0 0.497415 0.4953 0.0306704 0.990601 0.855896
0 0.209454 0.498197 0.0288809 0.996394 0.753755
0 0.749513 0.495281 0.0263871 0.990563 0.717245
0 0.014128 0.499375 0.0282561 0.998751 0.613205
0 0.575357 0.501183 0.0222267 0.997634 0.404255
0 0.352753 0.514453 0.0227999 0.971093 0.394703
0 0.67905 0.499562 0.0211749 0.999123 0.38976
0 0.125716 0.500228 0.0220652 0.999545 0.355595
0 0.2777 0.504443 0.0190344 0.991114 0.324341
0 0.0643525 0.5 0.0196115 1 0.290332
0 0.934433 0.495228 0.0115566 0.990457 0.279128
0 0.425683 0.503153 0.0224553 0.993695 0.270975
0 0.966499 0.500363 0.0191467 0.999263 0.25975
0 0.989599 0.492194 0.0204807 0.984388 0.224756
0 0.455745 0.497293 0.0227097 0.994586 0.157655
0 0.315827 0.503237 0.0279431 0.993525 0.153494
0 0.377482 0.495897 0.050314 0.991794 0.151003
0 0.263527 0.496429 0.0167722 0.992858 0.14409
0 0.564747 0.499017 0.0093811 0.998034 0.141187
0 0.909055 0.500489 0.0492851 0.999021 0.134185
0 0.844447 0.502088 0.0222621 0.995824 0.133439
0 0.640666 0.502451 0.0258139 0.995099 0.131104
0 0.159261 0.493912 0.0200875 0.987824 0.124401
0 0.715642 0.5 0.0249329 1 0.124314
0 0.887674 0.501218 0.0115398 0.997564 0.118842
0 0.530876 0.506051 0.0290036 0.987898 0.112776
0 0.610154 0.500105 0.0252682 0.99979 0.106894
