0 0.56224 0.5 0.0259903 1 0.78748
0 0.419063 0.49486 0.0248832 0.98972 0.731312
0 0.315733 0.495888 0.0205487 0.991775 0.624489
0 0.848376 0.496206 0.0256432 0.992411 0.550205
0 0.910828 0.495434 0.0240605 0.990868 0.44677
0 0.208952 0.501124 0.0266505 0.997752 0.400812
0 0.105561 0.498043 0.0198636 0.996087 0.300817
0 0.870506 0.502402 0.0326794 0.995195 0.248931
0 0.514377 0.495964 0.0152565 0.991929 0.229973
0 0.773716 0.5 0.019461 1 0.175784
0 0.0525349 0.496624 0.0243628 0.993249 0.175765
0 0.00736902 0.487873 0.014738 0.975745 0.16613
0 0.356814 0.496951 0.0202155 0.993902 0.144286
0 0.026261 0.503113 0.0409812 0.993775 0.128868
0 0.684248 0.501638 0.0142561 0.996724 0.104792
