0 0.712213 0.487661 0.0331726 0.975322 0.69092
0 0.254985 0.492194 0.0802421 0.984387 0.47077
0 0.462653 0.489186 0.028159 0.978372 0.379937
0 0.176417 0.493774 0.0209366 0.987547 0.309921
0 0.859904 0.492641 0.0195404 0.985282 0.254644
0 0.783602 0.492939 0.0170241 0.985878 0.185523
0 0.663193 0.486861 0.0272991 0.973723 0.159196
0 0.536941 0.49524 0.0182271 0.99048 0.154619
0 0.0749114 0.491976 0.0207803 0.983953 0.148144
0 0.286329 0.496988 0.0113856 0.993976 0.120645
0 0.0117149 0.488827 0.0222042 0.977654 0.112069
0 0.357208 0.494942 0.0176624 0.989885 0.111861
