0 0.0076905 0.496179 0.015381 0.992357 0.340851
0 0.562791 0.48775 0.0127336 0.975501 0.230948
0 0.27456 0.498448 0.0199398 0.996897 0.217167
0 0.738803 0.489468 0.0151246 0.978937 0.174632
0 0.420141 0.489764 0.0325052 0.979529 0.164748
0 0.692069 0.489904 0.0324186 0.979807 0.162123
0 0.191359 0.485743 0.0167072 0.971485 0.14645
0 0.0787893 0.494653 0.0313824 0.989306 0.146002
0 0.981809 0.484956 0.0244156 0.969913 0.145604
0 0.209185 0.512824 0.0178726 0.974353 0.143139
0 0.627576 0.5 0.0234203 1 0.133102
0 0.506716 0.488288 0.0192608 0.976576 0.115735
0 0.0409697 0.489373 0.0801067 0.978746 0.108154
0 0.223967 0.499548 0.0212616 0.999095 0.10323
