0 0.518509 0.499023 0.0413123 0.9973 0.751476
0 0.605876 0.5 0.0186665 1 0.63325
0 0.67057 0.5 0.0234802 1 0.559444
0 0.393039 0.497959 0.0375509 0.995917 0.540201
0 0.0633877 0.496221 0.0370902 0.992443 0.453169
0 0.810193 0.499511 0.0211086 0.999021 0.376825
0 0.0127178 0.494329 0.0248363 0.988658 0.311957
0 0.764615 0.499403 0.0125782 0.998806 0.300213
0 0.225089 0.480329 0.0234817 0.960658 0.189327
0 0.941609 0.505542 0.0182094 0.988916 0.186088
0 0.746197 0.499368 0.0394245 0.998736 0.117256
