0 0.0858194 0.501902 0.171639 0.996195 0.696752
0 0.945577 0.5 0.0308788 1 0.571646
0 0.759313 0.503122 0.036447 0.993757 0.541184
0 0.513988 0.499698 0.0323646 0.999396 0.464274
0 0.0139374 0.499058 0.0268129 0.998116 0.365986
0 0.559723 0.505073 0.0300375 0.989854 0.332252
0 0.986692 0.498627 0.0266151 0.997254 0.291844
0 0.652812 0.500747 0.0523873 0.998506 0.257373
0 0.739619 0.488333 0.00999336 0.976666 0.219738
0 0.24009 0.497439 0.022127 0.994878 0.208965
0 0.88886 0.499099 0.0413486 0.998198 0.197415
0 0.70593 0.5 0.0425337 1 0.196722
0 0.338114 0.498491 0.0467515 0.996983 0.16993
0 0.162968 0.501335 0.0247244 0.99733 0.156873
0 0.61655 0.502726 0.0244569 0.994547 0.151981
0 0.473559 0.50091 0.489971 0.998179 0.145202
0 0.91473 0.501849 0.0207626 0.996302 0.127073
0 0.861597 0.5 0.0186888 1 0.122399
0 0.43558 0.50221 0.0350236 0.99558 0.120914
0 0.677079 0.501107 0.0161765 0.995616 0.119802
0 0.387229 0.501644 0.0370958 0.996713 0.109314
0 0.787691 0.502886 0.0303392 0.994228 0.109212
0 0.836062 0.5 0.0303844 1 0.109146
0 0.928434 0.497391 0.0175705 0.994781 0.108543
0 0.207584 0.48828 0.062038 0.976559 0.106612
0 0.4787 0.50204 0.0305682 0.99592 0.105478
