0 0.96662 0.503552 0.0667599 0.992896 0.41849
0 0.159726 0.49718 0.23066 0.993255 0.416747
0 0.458566 0.499944 0.286365 0.998734 0.393506
0 0.653899 0.501268 0.0326485 0.997465 0.389958
0 0.324901 0.502949 0.0405366 0.994103 0.389854
0 0.710031 0.502172 0.0557141 0.995657 0.351382
0 0.8983 0.501722 0.0322739 0.996556 0.252228
0 0.55697 0.501328 0.0545214 0.997344 0.218992
0 0.0121464 0.497974 0.0229195 0.995948 0.173226
0 0.475854 0.498748 0.0154268 0.997497 0.157212
0 0.612226 0.501432 0.0342253 0.997136 0.145309
0 0.226612 0.499938 0.0145813 0.995911 0.127854
0 0.157488 0.500004 0.0266602 0.999993 0.12686
0 0.262396 0.498281 0.0285744 0.996563 0.117688
0 0.188712 0.499665 0.0178156 0.99933 0.115376
0 0.837909 0.503171 0.0278198 0.993658 0.115353
0 0.38412 0.499641 0.0172886 0.999281 0.10439
0 0.821649 0.498477 0.0193333 0.996955 0.103274
0 0.463585 0.504085 0.0184956 0.991829 0.100563
