0 0.0476703 0.499427 0.0887025 0.998854 0.705393
0 0.528228 0.500542 0.943545 0.998916 0.539197
0 0.916771 0.501579 0.164608 0.996842 0.354871
0 0.462107 0.502883 0.0325482 0.994234 0.337004
0 0.168549 0.524244 0.0338814 0.951512 0.325992
0 0.800686 0.500654 0.0623764 0.998693 0.277801
0 0.64684 0.488934 0.128251 0.977358 0.259871
0 0.556721 0.505745 0.0545281 0.988511 0.237472
0 0.338196 0.5 0.0232231 1 0.210396
0 0.39787 0.498607 0.0297657 0.997214 0.125856
0 0.218085 0.5 0.0251799 1 0.113977
