0 0.254846 0.498876 0.508937 0.997751 0.546188
0 0.57626 0.5 0.0212639 1 0.35584
0 0.725725 0.5 0.0204174 1 0.334282
0 0.43796 0.503793 0.0261263 0.992414 0.329126
0 0.323099 0.499387 0.0295872 0.998774 0.284057
0 0.367676 0.49813 0.0396614 0.99626 0.260123
0 0.28484 0.500546 0.0311083 0.998908 0.233964
0 0.792953 0.501243 0.0282112 0.997514 0.207413
0 0.00781423 0.5 0.0156285 1 0.197785
0 0.618872 0.505035 0.0263316 0.989929 0.175154
0 0.691874 0.499286 0.0241419 0.998572 0.16931
0 0.883465 0.505189 0.0175701 0.989622 0.168771
0 0.941926 0.50219 0.0228417 0.99562 0.167479
0 0.658813 0.506554 0.0196342 0.986893 0.166432
0 0.525584 0.499998 0.023181 0.999995 0.155679
0 0.47557 0.5 0.0234104 1 0.15024
0 0.508195 0.502946 0.0236713 0.994108 0.149297
0 0.861917 0.498918 0.0456511 0.997836 0.142035
0 0.754565 0.501275 0.0277637 0.997449 0.140798
0 0.158122 0.501428 0.0454467 0.997144 0.136506
0 0.639429 0.504681 0.0171382 0.990638 0.133815
0 0.540489 0.502376 0.0183489 0.995247 0.133722
0 0.488222 0.499438 0.00884084 0.998875 0.132744
0 0.98071 0.501014 0.0328204 0.997971 0.130874
0 0.396279 0.501831 0.0267468 0.996338 0.127286
0 0.56136 0.504407 0.0162233 0.991186 0.124107
0 0.414494 0.500163 0.0163334 0.999674 0.122763
0 0.873394 0.493226 0.229665 0.986451 0.118195
0 0.590353 0.503847 0.0189031 0.992305 0.117818
0 0.675386 0.5 0.022222 1 0.116178
0 0.914584 0.5 0.0175919 1 0.114506
0 0.814944 0.503329 0.0172489 0.993343 0.112448
0 0.461129 0.503046 0.0161477 0.993907 0.109279
0 0.18284 0.504582 0.0240426 0.990836 0.107501
0 0.839433 0.50157 0.017617 0.99686 0.105074
0 0.211924 0.506276 0.0128393 0.987449 0.104632
0 0.927569 0.500026 0.0164318 0.998513 0.104525
0 0.7109 0.504057 0.0158648 0.991885 0.104391
0 0.776796 0.500594 0.0173285 0.998812 0.103232
