0 0.883666 0.502658 0.232668 0.994685 0.441811
0 0.531842 0.509235 0.0814072 0.981531 0.389799
0 0.461632 0.499889 0.0273629 0.995623 0.35983
0 0.404181 0.502795 0.232097 0.994411 0.266739
0 0.0760988 0.501606 0.0638827 0.996789 0.252292
0 0.0113573 0.503893 0.0196411 0.992215 0.175436
0 0.272342 0.498142 0.0220847 0.996285 0.157854
0 0.816779 0.499732 0.0186035 0.999463 0.145085
0 0.689331 0.502458 0.0269993 0.995085 0.128716
0 0.189992 0.505587 0.0252165 0.988825 0.126221
0 0.596316 0.500727 0.0449408 0.998546 0.117348
0 0.491205 0.504965 0.023922 0.990071 0.108161
0 0.432577 0.511285 0.0306185 0.977429 0.100246
