0 0.17258064516129032 0.18827449550240624 0.024731182795698924 0.16186362673637547
33 0.9543010752688172 0.39127283115275086 0.02903225806451613 0.016938232768629206
34 0.9387096774193548 0.2131125153681528 0.11182795698924732 0.2007284165909392
0 0.8397849462365592 0.20890165461982554 0.03870967741935484 0.09535656095219718
34 0.016666666666666666 0.1448985238425184 0.024731182795698924 0.15021615862212148
8 0.8580645161290322 0.2686101151026046 0.0989247311827957 0.16677468887088673
0 0.6908602150537635 0.20198940470094662 0.16021505376344086 0.12379815353087688
16 0.9768817204301076 0.20900038557854736 0.024731182795698924 0.1644627739910224
34 0.774731182795699 0.18744694467216344 0.16666666666666666 0.2412557209758486
16 0.289247311827957 0.1454103610855539 0.021505376344086023 0.1339470556010006
6 0.8978494623655914 0.1977938003750607 0.034408602150537634 0.1518569281873089
0 0.20698924731182797 0.19948161415465904 0.03333333333333333 0.16469230943522892
8 0.13763440860215054 0.2507781397124257 0.10967741935483871 0.20193763915644247
33 0.10376344086021505 0.39311990820918025 0.13225806451612904 0.046097695950864985
34 0.15 0.19608545286870402 0.013978494623655914 0.1421331939464429
8 0.3327956989247312 0.27901750832457717 0.11935483870967742 0.08705938730614955
34 0.41451612903225804 0.1826517925590664 0.35591397849462364 0.23166541674965452
0 0.06451612903225806 0.14086244862416417 0.043010752688172046 0.14808672887985005
