34 0.7870967741935484 0.16671942412926363 0.07741935483870968 0.19980067989004896
8 0.06989247311827956 0.2918367900078725 0.07956989247311828 0.07010589283379517
0 0.04032258064516129 0.258821657846633 0.046236559139784944 0.16524827521211816
34 0.00913978494623656 0.12753651431225538 0.016129032258064516 0.12143486025603246
0 0.9854838709677419 0.2654118278871294 0.005376344086021506 0.09772328867246158
34 0.36989247311827955 0.1581741456574292 0.060215053763440864 0.18271012294638012
34 0.9145161290322581 0.15968998965257708 0.15806451612903225 0.18574181093667588
34 0.07849462365591398 0.23030141497011297 0.03225806451612903 0.06097975957095083
34 0.14301075268817204 0.18087433610968065 0.04516129032258064 0.22811050385088297
0 0.08548387096774193 0.2533215156467368 0.005376344086021506 0.13362109636242908
6 0.5494623655913978 0.21975201899606342 0.030107526881720432 0.03804896411256258
34 0.6876344086021505 0.19276793552062538 0.05053763440860215 0.1679442581454595
34 0.6172043010752688 0.225715792698813 0.05161290322580645 0.14294902257146658
34 0.5887096774193549 0.2063591912414344 0.03763440860215054 0.27330198214350276
34 0.7354838709677419 0.15823883453925863 0.017204301075268817 0.18283950071003893
34 0.23333333333333334 0.17985005415156793 0.09032258064516129 0.22606193993465756
34 0.5075268817204301 0.27987647931767506 0.043010752688172046 0.08219995653066065
