33 0.3956989247311828 0.38741264297377276 0.008602150537634409 0.03667542385931107
0 0.7629032258064516 0.13407590650954998 0.01827956989247312 0.13451364465062166
34 0.03978494623655914 0.19617789250328305 0.07956989247311828 0.2587176166380878
33 0.8118279569892473 0.4115736643774192 0.3161290322580645 0.046261371337221864
0 0.14677419354838708 0.13410352430599723 0.22688172043010751 0.022936344666890707
34 0.3365591397849462 0.15551005385831076 0.12688172043010754 0.17738193934814322
0 0.1349462365591398 0.25981448224603065 0.24408602150537634 0.046356796398391256
34 0.8913978494623656 0.2762356618701698 0.21505376344086022 0.16273747444242612
0 0.9145161290322581 0.15405898914860625 0.016129032258064516 0.10744303006644472
33 0.1446236559139785 0.40268502650551047 0.289247311827957 0.06058145877827327
0 0.8887096774193548 0.16369924973205446 0.0032258064516129032 0.017424382774317522
8 0.9338709677419355 0.36400350034066514 0.13225806451612904 0.288171261741166
0 0.4962365591397849 0.1369526403047778 0.13225806451612904 0.13945932254342921
34 0.6096774193548387 0.1977485615943096 0.2924731182795699 0.2618589548201409
0 0.9774193548387097 0.18447984616517452 0.04516129032258064 0.04377780364545993
33 0.5844086021505376 0.3942155163399433 0.046236559139784944 0.07086307132464999
