34 0.8919354838709678 0.17378173086659984 0.0935483870967742 0.2112974649850503
0 0.6693548387096774 0.15233281940504892 0.02258064516129032 0.1398078059888989
34 0.4258064516129032 0.1671272119760942 0.10752688172043011 0.2006162555837101
34 0.7564516129032258 0.2029595476316769 0.14731182795698924 0.2707378592893791
33 0.44247311827956987 0.39029916574542867 0.06129032258064516 0.0177648157910591
34 0.2698924731182796 0.19887286756408032 0.08817204301075268 0.24578790827056146
33 0.7865591397849462 0.3924058023196296 0.22258064516129034 0.021978088939461075
33 0.5741935483870968 0.3930906712158123 0.11397849462365592 0.036372831212510476
8 0.3741935483870968 0.2686158721660435 0.15483870967741936 0.4035935759636086
0 0.2768817204301075 0.24539829039711386 0.026881720430107527 0.10409517887913183
8 0.5451612903225806 0.24861297625104026 0.01935483870967742 0.3635877841336022
8 0.9661290322580646 0.2309841955282699 0.06774193548387097 0.3283302226880615
37 0.5844086021505376 0.17177853833987208 0.013978494623655914 0.2063826196993051
34 0.19946236559139785 0.20596261868314877 0.03333333333333333 0.27828706899781924
33 0.2763440860215054 0.3966745398820909 0.15053763440860216 0.04147408171516617
0 0.17634408602150536 0.17776970891934296 0.002150537634408602 0.021358736558103043
33 0.13064516129032258 0.3887460189910536 0.05268817204301075 0.03511050023363873
0 0.14516129032258066 0.14277479159786077 0.030107526881720432 0.1410310146305806
34 0.06290322580645161 0.176507458938147 0.12580645161290321 0.21937674950781572
0 0.6349462365591397 0.24983378166465367 0.02903225806451613 0.03436274986162119
8 0.15698924731182795 0.2579271831954421 0.11827956989247312 0.2500133973466221
33 0.038172043010752686 0.39222691305543933 0.06989247311827956 0.02890056636367759
