31 0.11505376344086021 0.2020696990905035 0.03870967741935484 0.10506337107269544
31 0.4327956989247312 0.2016120997502132 0.07204301075268817 0.11288515973809023
31 0.37473118279569895 0.2000911900238322 0.03333333333333333 0.08568177194657434
31 0.3370967741935484 0.19264396559694552 0.03333333333333333 0.07422544447431968
0 0.3311827956989247 0.2815685360403289 0.034408602150537634 0.030094872239359485
0 0.1338709677419355 0.29144862286767925 0.03118279569892473 0.023431783184000615
31 0.17419354838709677 0.20362577645780677 0.047311827956989246 0.09056522395237794
31 0.23870967741935484 0.20514112911385526 0.05161290322580645 0.11182926164373878
31 0.29623655913978497 0.19958075609733014 0.046236559139784944 0.06366672468578986
31 0.5091397849462366 0.20112119812650175 0.06989247311827956 0.08946156930671467
31 0.05591397849462366 0.2136115313977604 0.03870967741935484 0.1288794271418394
31 0.9940860215053764 0.19703825512841994 0.011827956989247311 0.058690604047594505
0 0.5344086021505376 0.29114151083232104 0.034408602150537634 0.01569188360260614
31 0.5725806451612904 0.1986320929987317 0.046236559139784944 0.08448335905117454
5 0.7768817204301075 0.17617120108221154 0.007526881720430108 0.016785908213081086
31 0.9376344086021505 0.19763243195817903 0.0967741935483871 0.08869521209124803
31 0.839247311827957 0.19701315837123 0.08709677419354839 0.08468057410954864
0 0.7758064516129032 0.2825618022142872 0.02903225806451613 0.012735084525583399
31 0.7408602150537634 0.20477710154179546 0.09032258064516129 0.09857369735205519
31 0.6494623655913978 0.19980039062661897 0.09032258064516129 0.09225075000463506
0 0.7521505376344086 0.18036692982728758 0.011827956989247311 0.03322150927190654
