0 0.103469 0.499976 0.0245934 0.999953 0.304185
0 0.889651 0.492538 0.017503 0.985077 0.280004
0 0.536749 0.5002 0.00833924 0.9996 0.220791
0 0.228186 0.5 0.022995 1 0.196861
0 0.988641 0.503874 0.0218098 0.992252 0.190138
0 0.0417645 0.497244 0.0237024 0.994488 0.185314
0 0.827727 0.494475 0.0207977 0.98895 0.175793
0 0.409664 0.499452 0.0265102 0.998904 0.164823
0 0.338351 0.502834 0.0175188 0.994332 0.158036
0 0.00867986 0.501172 0.0170162 0.997655 0.157168
0 0.626325 0.5 0.0215997 1 0.154347
0 0.726444 0.5 0.0219362 1 0.141969
0 0.456086 0.505197 0.0175579 0.989607 0.139767
0 0.377581 0.497907 0.018285 0.995813 0.138847
0 0.689677 0.505895 0.0224218 0.988209 0.130634
0 0.0621745 0.5 0.0139692 1 0.128588
0 0.787609 0.507646 0.0148571 0.984707 0.117165
0 0.486585 0.498003 0.0210257 0.996005 0.106166
0 0.926956 0.5 0.0246753 1 0.104
