0 0.536812 0.500238 0.0236508 0.999525 0.323464
0 0.407827 0.500376 0.0172293 0.999042 0.277893
0 0.0208505 0.499141 0.0404897 0.998281 0.215569
0 0.455901 0.5 0.057749 1 0.21047
0 0.91204 0.499164 0.0429951 0.998328 0.171564
0 0.83243 0.500467 0.0200772 0.999066 0.169858
0 0.625505 0.5 0.0218124 1 0.169824
0 0.776071 0.496723 0.0566804 0.993445 0.168632
0 0.983838 0.503967 0.0313381 0.992067 0.162906
0 0.708062 0.499403 0.0195459 0.998807 0.160295
0 0.481925 0.497579 0.0158779 0.995158 0.139504
0 0.368901 0.489671 0.0253757 0.975872 0.131218
0 0.107893 0.5003 0.0878582 0.9994 0.131067
0 0.307444 0.497681 0.0159522 0.995362 0.130082
0 0.22393 0.49922 0.0946621 0.998441 0.117487
0 0.87651 0.5 0.0199473 1 0.105531
