0 0.132017 0.485722 0.0165985 0.971444 0.512714
0 0.646633 0.491601 0.0245142 0.983202 0.505269
0 0.727766 0.492779 0.0338754 0.985558 0.373498
0 0.016209 0.494318 0.0308683 0.988637 0.279983
0 0.55996 0.491082 0.0441401 0.982165 0.204756
0 0.466455 0.490166 0.0362618 0.980333 0.20007
0 0.525756 0.5 0.0199701 1 0.183395
0 0.340656 0.509518 0.0180565 0.980963 0.181205
0 0.613351 0.491804 0.0163287 0.983608 0.154441
0 0.955403 0.497734 0.0169369 0.995468 0.153873
0 0.987458 0.500093 0.0246002 0.996156 0.131913
0 0.838079 0.493857 0.0417973 0.987715 0.107189
0 0.690644 0.491725 0.0319257 0.98345 0.106242
0 0.41234 0.503923 0.0173422 0.992153 0.10289
0 0.0654151 0.495155 0.0197902 0.99031 0.100411
