0 0.541804 0.493059 0.034006 0.986118 0.500361
0 0.757441 0.489983 0.0303976 0.979967 0.490074
0 0.45715 0.494635 0.0325705 0.989269 0.381056
0 0.835567 0.492421 0.0262625 0.984843 0.254526
0 0.145676 0.484652 0.0259601 0.969303 0.197764
0 0.735797 0.529784 0.0249816 0.940432 0.173563
0 0.964058 0.460374 0.0205291 0.920748 0.1674
0 0.875158 0.5 0.0201435 1 0.146802
0 0.251649 0.490612 0.0275971 0.981223 0.145048
0 0.675567 0.500956 0.0201464 0.998087 0.118123
0 0.393406 0.50918 0.0191285 0.981641 0.105576
0 0.00864421 0.498746 0.0172884 0.997492 0.104933
