6 0.2709677419354839 0.5 0.03870967741935484 1.0
8 0.6333333333333333 0.5 0.27956989247311825 1.0
8 0.05 0.5 0.1 1.0
5 0.020967741935483872 0.5 0.00967741935483871 1.0
29 0.03763440860215054 0.5 0.002150537634408602 1.0
34 0.18064516129032257 0.5 0.030107526881720432 1.0
33 0.3650537634408602 0.5 0.041935483870967745 1.0
33 0.7118279569892473 0.5 0.06451612903225806 1.0
5 0.460752688172043 0.5 0.046236559139784944 1.0
5 0.6096774193548387 0.5 0.03655913978494624 1.0
33 0.9365591397849462 0.5 0.010752688172043012 1.0
5 0.9870967741935484 0.5 0.012903225806451613 1.0
34 0.4338709677419355 0.5 0.14731182795698924 1.0
