5 0.13010752688172042 0.5 0.08602150537634409 1.0
0 0.02204301075268817 0.5 0.016129032258064516 1.0
25 0.1827956989247312 0.5 0.004301075268817204 1.0
25 0.09946236559139784 0.5 0.0032258064516129032 1.0
23 0.5483870967741935 0.5 0.9010752688172043 1.0
5 0.4381720430107527 0.5 0.03118279569892473 1.0
34 0.7741935483870968 0.5 0.44946236559139785 1.0
34 0.024731182795698924 0.5 0.04946236559139785 1.0
34 0.08763440860215053 0.5 0.007526881720430108 1.0
0 0.535483870967742 0.5 0.01935483870967742 1.0
5 0.513978494623656 0.5 0.021505376344086023 1.0
34 0.41451612903225804 0.5 0.15806451612903225 1.0
0 0.11290322580645161 0.5 0.12043010752688173 1.0
