23 0.20913978494623656 0.5 0.01827956989247312 1.0
23 0.7059139784946237 0.5 0.03763440860215054 1.0
5 0.4591397849462366 0.5 0.004301075268817204 1.0
23 0.42634408602150536 0.5 0.0978494623655914 1.0
5 0.317741935483871 0.5 0.01827956989247312 1.0
23 0.30913978494623656 0.5 0.016129032258064516 1.0
33 0.22096774193548388 0.5 0.02043010752688172 1.0
23 0.2693548387096774 0.5 0.041935483870967745 1.0
34 0.5978494623655914 0.5 0.8043010752688172 1.0
23 0.14086021505376345 0.5 0.07956989247311828 1.0
5 0.015053763440860216 0.5 0.015053763440860216 1.0
8 0.05860215053763441 0.5 0.11290322580645161 1.0
5 0.3795698924731183 0.5 0.0064516129032258064 1.0
23 0.8413978494623656 0.5 0.02903225806451613 1.0
5 0.42473118279569894 0.5 0.002150537634408602 1.0
5 0.9290322580645162 0.5 0.012903225806451613 1.0
5 0.20806451612903226 0.5 0.026881720430107527 1.0
