5 0.8838709677419355 0.5 0.012903225806451613 1.0
5 0.6731182795698925 0.5 0.0064516129032258064 1.0
5 0.8247311827956989 0.5 0.030107526881720432 1.0
5 0.9849462365591398 0.5 0.023655913978494623 1.0
5 0.008602150537634409 0.5 0.012903225806451613 1.0
5 0.9295698924731183 0.5 0.0032258064516129032 1.0
5 0.6059139784946237 0.5 0.03978494623655914 1.0
5 0.5032258064516129 0.5 0.025806451612903226 1.0
23 0.6451612903225806 0.5 0.6150537634408603 1.0
32 0.1967741935483871 0.5 0.03225806451612903 1.0
5 0.14301075268817204 0.5 0.015053763440860216 1.0
32 0.13225806451612904 0.5 0.02795698924731183 1.0
32 0.28279569892473116 0.5 0.03225806451612903 1.0
23 0.07580645161290323 0.5 0.11290322580645161 1.0
5 0.39301075268817204 0.5 0.08279569892473118 1.0
