34 0.3473118279569892 0.5 0.023655913978494623 1.0
34 0.6682795698924732 0.5 0.0978494623655914 1.0
34 0.6833333333333333 0.5 0.011827956989247311 1.0
34 0.5440860215053763 0.5 0.04516129032258064 1.0
34 0.39623655913978495 0.5 0.005376344086021506 1.0
33 0.7876344086021505 0.5 0.05913978494623656 1.0
23 0.493010752688172 0.5 0.02043010752688172 1.0
33 0.55 0.5 0.02258064516129032 1.0
0 0.3881720430107527 0.5 0.6279569892473118 1.0
34 0.7397849462365591 0.5 0.034408602150537634 1.0
34 0.9376344086021505 0.5 0.002150537634408602 1.0
34 0.29838709677419356 0.5 0.02043010752688172 1.0
0 0.07634408602150537 0.5 0.015053763440860216 1.0
34 0.4731182795698925 0.5 0.017204301075268817 1.0
34 0.7833333333333333 0.5 0.026881720430107527 1.0
0 0.12150537634408602 0.5 0.002150537634408602 1.0
34 0.85 0.5 0.06774193548387097 1.0
34 0.18870967741935485 0.5 0.03118279569892473 1.0
33 0.896236559139785 0.5 0.02258064516129032 1.0
34 0.9779569892473118 0.5 0.02043010752688172 1.0
0 0.896774193548387 0.5 0.1956989247311828 1.0
34 0.889247311827957 0.5 0.060215053763440864 1.0
