29 0.7569892473118279 0.5 0.47096774193548385 1.0
8 0.9021505376344086 0.5 0.047311827956989246 1.0
8 0.6946236559139785 0.5 0.22795698924731184 1.0
34 0.17258064516129032 0.5 0.32150537634408605 1.0
34 0.6053763440860215 0.5 0.7870967741935484 1.0
8 0.10752688172043011 0.5 0.2064516129032258 1.0
23 0.5360215053763441 0.5 0.00967741935483871 1.0
33 0.9344086021505377 0.5 0.021505376344086023 1.0
23 0.36075268817204303 0.5 0.054838709677419356 1.0
29 0.41236559139784945 0.5 0.12580645161290321 1.0
