23 0.5919354838709677 0.23471370487621862 0.05053763440860215 0.0710281154105093
14 0.3043010752688172 0.16120482560535018 0.02795698924731183 0.05089369440567485
23 0.2532258064516129 0.23276430271412546 0.046236559139784944 0.07492691973469562
16 0.9709677419354839 0.14307583576076663 0.025806451612903226 0.15251350315305495
23 0.6543010752688172 0.22662388940728387 0.03118279569892473 0.05597097955328386
0 0.5478494623655914 0.21273844087408308 0.01827956989247312 0.23375297568826717
5 0.5279569892473118 0.08440768388322444 0.03655913978494624 0.026967107899268553
23 0.4962365591397849 0.23014580106629215 0.06129032258064516 0.05928282789287
5 0.4575268817204301 0.08732938060887062 0.007526881720430108 0.04102058107646576
23 0.41451612903225804 0.2634127779124184 0.06989247311827956 0.0931973002039228
34 0.41021505376344086 0.1619352104540604 0.06774193548387097 0.1609360185671892
16 0.34301075268817205 0.14759287411467992 0.021505376344086023 0.1590358941808895
14 0.610752688172043 0.157858249199877 0.023655913978494623 0.049918400282027764
29 0.5870967741935483 0.17849067819504608 0.6752688172043011 0.05451900734043142
5 0.6623655913978495 0.08190819430582533 0.04086021505376344 0.028031310010331257
0 0.2053763440860215 0.13868512732140895 0.03870967741935484 0.14373208627433962
34 0.08494623655913978 0.28654844238717697 0.14193548387096774 0.10699219268813828
5 0.3790322580645161 0.08843796292958983 0.005376344086021506 0.026967107901740874
5 0.0489247311827957 0.09610413486264802 0.03763440860215054 0.05857010135681773
33 0.30752688172043013 0.39721885256823086 0.46236559139784944 0.039037153685589646
0 0.29193548387096774 0.21117409711478158 0.016129032258064516 0.15920290592474243
33 0.9919354838709677 0.39630366693189234 0.016129032258064516 0.04086752495826663
23 0.15483870967741936 0.21628770323870447 0.07741935483870968 0.10788011868553757
23 0.975268817204301 0.204267532096812 0.04946236559139785 0.1251497819873556
34 0.928494623655914 0.2832430468910552 0.14086021505376345 0.10101679120392451
14 0.8505376344086022 0.16100819297550248 0.01935483870967742 0.04516853577234917
23 0.06236559139784946 0.22003147303845427 0.07311827956989247 0.15715964069479987
33 0.774731182795699 0.40044642506385614 0.25483870967741934 0.03193630821379053
