34 0.9672043010752688 0.5 0.013978494623655914 1.0
33 0.9543010752688172 0.5 0.02043010752688172 1.0
33 0.8263440860215053 0.5 0.02043010752688172 1.0
34 0.7021505376344086 0.5 0.12258064516129032 1.0
34 0.5290322580645161 0.5 0.07526881720430108 1.0
33 0.4483870967741935 0.5 0.23010752688172043 1.0
34 0.9247311827956989 0.5 0.010752688172043012 1.0
33 0.7241935483870968 0.5 0.02043010752688172 1.0
33 0.17688172043010753 0.5 0.005376344086021506 1.0
33 0.043548387096774194 0.5 0.06774193548387097 1.0
34 0.18548387096774194 0.5 0.3709677419354839 1.0
23 0.2629032258064516 0.5 0.5258064516129032 1.0
23 0.9844086021505376 0.5 0.03118279569892473 1.0
23 0.8435483870967742 0.5 0.14946236559139786 1.0
33 0.2698924731182796 0.5 0.01935483870967742 1.0
