10 0.624731182795699 0.17852938811934474 0.025806451612903226 0.12065269844080581
10 0.9844086021505376 0.1825487532089345 0.02043010752688172 0.10246171420971759
10 0.9134408602150538 0.20265090413499567 0.02043010752688172 0.09829572089974088
10 0.7887096774193548 0.19077664434043118 0.03978494623655914 0.10127573880006344
10 0.5069892473118279 0.1929947145119893 0.024731182795698924 0.0968395984569472
10 0.7053763440860215 0.1825487532089345 0.023655913978494623 0.10246171420971759
10 0.08118279569892473 0.19986757648435136 0.02258064516129032 0.08824035579745991
10 0.14301075268817204 0.1952219372432283 0.021505376344086023 0.09238515299446913
10 0.01021505376344086 0.2053837127901804 0.02043010752688172 0.13048987569956189
10 0.3096774193548387 0.17988987393006164 0.021505376344086023 0.09274581089250507
10 0.2306451612903226 0.18128966351988146 0.02258064516129032 0.09994353483161157
