10 0.5252688172043011 0.19762573047696141 0.011827956989247311 0.0927240478122398
10 0.5849462365591398 0.22089123443576367 0.023655913978494623 0.09398015281080586
10 0.4747311827956989 0.22319085790218 0.00967741935483871 0.0893809058779732
10 0.41397849462365593 0.21399814241272003 0.025806451612903226 0.07560124434429216
10 0.6795698924731183 0.19267012965859545 0.012903225806451613 0.08728153782520337
10 0.08978494623655914 0.205233491075043 0.01827956989247312 0.06724449252940928
10 0.8591397849462366 0.20423220424474067 0.017204301075268817 0.07436461899144443
10 0.7424731182795699 0.2153160772228938 0.01827956989247312 0.07823711396463973
10 0.19086021505376344 0.2075266287901608 0.03118279569892473 0.0626582170991737
10 0.3365591397849462 0.2066576452508968 0.03225806451612903 0.074660218264369
