18 0.044623655913978495 0.5 0.08494623655913978 1.0
18 0.28225806451612906 0.5 0.3387096774193548 1.0
14 0.013978494623655914 0.5 0.02795698924731183 1.0
14 0.9456989247311828 0.5 0.03118279569892473 1.0
14 0.4360215053763441 0.5 0.03763440860215054 1.0
24 0.5 0.5 1.0 1.0
14 0.0956989247311828 0.5 0.01935483870967742 1.0
14 0.7075268817204301 0.5 0.04086021505376344 1.0
14 0.5725806451612904 0.5 0.04838709677419355 1.0
14 0.23010752688172043 0.5 0.01935483870967742 1.0
14 0.3123655913978495 0.5 0.041935483870967745 1.0
18 0.5811827956989247 0.5 0.10215053763440861 1.0
14 0.853225806451613 0.5 0.06989247311827956 1.0
18 0.7682795698924731 0.5 0.00967741935483871 1.0
14 0.16612903225806452 0.5 0.03763440860215054 1.0
