18 0.15645161290322582 0.5 0.011827956989247311 1.0
2 0.9451612903225807 0.5 0.08602150537634409 1.0
2 0.560752688172043 0.5 0.0032258064516129032 1.0
14 0.07903225806451612 0.5 0.03333333333333333 1.0
14 0.6913978494623656 0.5 0.02795698924731183 1.0
14 0.2639784946236559 0.5 0.04408602150537634 1.0
2 0.7833333333333333 0.5 0.13440860215053763 1.0
24 0.5 0.5 1.0 1.0
2 0.4962365591397849 0.5 0.0032258064516129032 1.0
2 0.41021505376344086 0.5 0.0032258064516129032 1.0
14 0.4290322580645161 0.5 0.01935483870967742 1.0
