0 0.6564516129032258 0.20312660442638442 0.035483870967741936 0.17381696295618565
33 0.22580645161290322 0.38916515227667425 0.06881720430107527 0.042404982010882
33 0.34623655913978496 0.38922615408340683 0.04516129032258064 0.06218193676112617
0 0.6795698924731183 0.19482452616924964 0.010752688172043012 0.0047166317318242884
34 0.6021505376344086 0.19343628191709922 0.7956989247311828 0.24939816962084668
34 0.06397849462365592 0.20036874844484978 0.12795698924731183 0.26709932852122126
0 0.1989247311827957 0.13403280366576478 0.015053763440860216 0.02748594528606197
33 0.04516129032258064 0.3914143177192716 0.01935483870967742 0.04183145213234837
33 0.13548387096774195 0.4001093771242905 0.06881720430107527 0.038651140151377064
0 0.1870967741935484 0.21554348658532188 0.047311827956989246 0.14887229928415585
6 0.15 0.19009454733425532 0.02903225806451613 0.15316876798534776
