0 0.2478494623655914 0.1455957479519987 0.024731182795698924 0.01966276370377544
6 0.16774193548387098 0.19025568412833463 0.07956989247311828 0.15318908109711515
0 0.06505376344086021 0.1967946745549039 0.12580645161290321 0.10415175480760193
8 0.3827956989247312 0.2462126746905039 0.05806451612903226 0.12967924097989458
0 0.5370967741935484 0.18887270624137711 0.1086021505376344 0.036696026705048276
0 0.29838709677419356 0.15031410049977498 0.026881720430107527 0.07622756538539902
0 0.38064516129032255 0.15897487821347517 0.02795698924731183 0.10375238927530246
0 0.3365591397849462 0.1917491982777147 0.03655913978494624 0.07297636307661037
0 0.8693548387096774 0.19836637325186535 0.07419354838709677 0.09225713066388201
0 0.4338709677419355 0.18350836658905745 0.03118279569892473 0.07608020793985064
0 0.7526881720430108 0.1787365911290203 0.03655913978494624 0.11255751604045248
0 0.7064516129032258 0.2732996845380639 0.015053763440860216 0.1150730013997223
0 0.6150537634408603 0.17866539874380274 0.043010752688172046 0.09914396214443424
6 0.46021505376344085 0.19200632027500597 0.034408602150537634 0.15522841734411583
6 0.6602150537634408 0.19830749890887964 0.030107526881720432 0.14947535381101718
0 0.7365591397849462 0.18787559872058998 0.03225806451612903 0.023356156960032046
0 0.95 0.1886864552681664 0.05913978494623656 0.07742018415342967
0 0.6881720430107527 0.18311686415592435 0.021505376344086023 0.09024103132019108
