0 0.1827956989247312 0.32828173595172316 0.008602150537634409 0.01910499588559875
31 0.6021505376344086 0.2083396226097044 0.1978494623655914 0.09886420338786792
31 0.18548387096774194 0.20412580710325332 0.06559139784946237 0.09205159631025742
31 0.11774193548387096 0.19773825689914654 0.024731182795698924 0.07182335442743804
0 0.07043010752688172 0.3292716817599319 0.00967741935483871 0.02441709144276616
31 0.031720430107526884 0.20077050842705582 0.035483870967741936 0.06615541896582426
31 0.3349462365591398 0.19762179336107571 0.1881720430107527 0.07805187310161597
0 0.27204301075268816 0.32786454220436856 0.008602150537634409 0.01993938338030795
0 0.3543010752688172 0.328734747113112 0.005376344086021506 0.020011018208376443
0 0.4306451612903226 0.32575775499452564 0.00967741935483871 0.022348114290726546
31 0.46559139784946235 0.20113286473481373 0.030107526881720432 0.07158241598371712
0 0.6069892473118279 0.3289042949100411 0.005376344086021506 0.026993448043838054
0 0.9978494623655914 0.3364805321120552 0.004301075268817204 0.02877248896349807
0 0.6747311827956989 0.32973207748525446 0.00967741935483871 0.02533788289341131
31 0.7483870967741936 0.19935584446748492 0.03655913978494624 0.08587087121393691
0 0.7688172043010753 0.3313645370698463 0.008602150537634409 0.020231380822937312
31 0.7870967741935484 0.19207106889827893 0.012903225806451613 0.05702741256860418
31 0.8268817204301075 0.20095413327607048 0.03655913978494624 0.09455665739009989
31 0.9053763440860215 0.1982445608509867 0.09462365591397849 0.0786740798704326
31 0.9865591397849462 0.19637326707768502 0.026881720430107527 0.06675302907108369
31 0.5602150537634408 0.1924662103033375 0.023655913978494623 0.0
0 0.5258064516129032 0.3288131755519828 0.010752688172043012 0.02350007902686802
