21 0.2510752688172043 0.2090575847201747 0.007526881720430108 0.05325104094878164
9 0.6634408602150538 0.16340898459211084 0.002150537634408602 0.041515693891342846
9 0.571505376344086 0.1656322914401825 0.001075268817204301 0.049276810397996515
31 0.2467741935483871 0.17204104681034757 0.001075268817204301 0.16599237131178615
9 0.3446236559139785 0.16788335399234902 0.001075268817204301 0.05708852432705601
9 0.23817204301075268 0.15841051988745847 0.001075268817204301 0.04804308871665077
0 0.23817204301075268 0.21196402741063247 0.011827956989247311 0.06079566946384017
9 0.7215053763440861 0.16447051116909986 0.025806451612903226 0.03939264073736483
9 0.22473118279569892 0.16427836874776075 0.002150537634408602 0.043254462202642674
23 0.7698924731182796 0.2214809192714873 0.03655913978494624 0.04479479729890784
9 0.610752688172043 0.16043372552845309 0.05591397849462366 0.04879405195807407
9 0.3586021505376344 0.16480489423400088 0.001075268817204301 0.05093160481035975
7 0.9129032258064517 0.2444672325116085 0.0064516129032258064 0.06386968246911277
23 0.8956989247311828 0.22313830712799293 0.0064516129032258064 0.048109573011919066
31 0.22795698924731184 0.18789689823370362 0.002150537634408602 0.15432635996884575
9 0.9801075268817204 0.15027698067109052 0.013978494623655914 0.02663403990672833
21 0.2801075268817204 0.20717024879697557 0.0032258064516129032 0.04947636910238343
21 0.2693548387096774 0.20974538953314695 0.0032258064516129032 0.042447830825369744
21 0.25806451612903225 0.20949102679173867 0.002150537634408602 0.05238415680565367
23 0.17580645161290323 0.2278086008591053 0.005376344086021506 0.021450245272536573
0 0.1553763440860215 0.22522072720536696 0.011827956989247311 0.036206418307689586
9 0.2779569892473118 0.16175296168330164 0.054838709677419356 0.04482773970896126
9 0.4258064516129032 0.16230405583818683 0.043010752688172046 0.0541830065604089
9 0.5086021505376344 0.16255832848208943 0.1010752688172043 0.051520386152396964
23 0.05161290322580645 0.22630182676734134 0.015053763440860216 0.08773952504311497
7 0.02043010752688172 0.22751427171343128 0.0064516129032258064 0.0533197120229364
9 0.3247311827956989 0.1706799831363154 0.015053763440860216 0.06928656717379875
