23 0.11935483870967742 0.22455770204664355 0.012903225806451613 0.0734073253673775
11 0.03387096774193549 0.22313324401780774 0.016129032258064516 0.03403433755956523
11 0.13978494623655913 0.20938701026677392 0.0064516129032258064 0.04619664523249399
7 0.25268817204301075 0.22569293277149285 0.008602150537634409 0.037542089304191055
0 0.2413978494623656 0.18048281464098434 0.0032258064516129032 0.1296977328318838
23 0.20967741935483872 0.21053490061041763 0.002150537634408602 0.06094993960371456
23 0.36935483870967745 0.22428897630954028 0.02043010752688172 0.0775634956098841
23 0.6725806451612903 0.2242632420138892 0.00967741935483871 0.04911295258570641
5 0.7021505376344086 0.23281269371263474 0.0064516129032258064 0.06780525248643944
5 0.4435483870967742 0.22566719811105024 0.026881720430107527 0.055105691772699986
9 0.7139784946236559 0.16003086731004662 0.012903225806451613 0.044717709486961355
23 0.6064516129032258 0.22404351312011905 0.04516129032258064 0.12780402645109457
23 0.5198924731182796 0.21176272945728244 0.007526881720430108 0.12283632129896364
9 0.5693548387096774 0.15884918359652367 0.00967741935483871 0.040871446782916765
23 0.4666666666666667 0.22949830972887414 0.01935483870967742 0.0911028617752659
9 0.47956989247311826 0.15112830540902633 0.03870967741935484 0.016512040079922276
23 0.882258064516129 0.2294475147195927 0.02903225806451613 0.08004949299501618
9 0.878494623655914 0.1722026944754689 0.015053763440860216 0.06460987610027936
7 0.7473118279569892 0.23949557513230613 0.0064516129032258064 0.027448937730188198
11 0.7516129032258064 0.20873304560286413 0.008602150537634409 0.030746333632867186
23 0.7741935483870968 0.20233957861981605 0.012903225806451613 0.056917558050180644
11 0.7758064516129032 0.20072240192390114 0.013978494623655914 0.04676762099079317
23 0.012365591397849462 0.2229862041589931 0.02258064516129032 0.09667119506983161
23 0.8231182795698925 0.21461836617665642 0.02043010752688172 0.042516974780451744
