23 0.9435483870967742 0.23756675771841912 0.02903225806451613 0.03862081352930042
23 0.7709677419354839 0.22314379242316232 0.021505376344086023 0.04711933247461251
9 0.678494623655914 0.16696799089186593 0.002150537634408602 0.04847776673774145
23 0.6951612903225807 0.23058185508429013 0.035483870967741936 0.05430901538947002
23 0.5381720430107527 0.21575026760831578 0.016129032258064516 0.06863442871405835
9 0.7048387096774194 0.17101742698305367 0.0032258064516129032 0.04796889079471808
23 0.4774193548387097 0.19423817994276224 0.015053763440860216 0.10158589839605786
31 0.39301075268817204 0.20889522321755047 0.001075268817204301 0.09768227912294934
23 0.4295698924731183 0.20583987723012054 0.035483870967741936 0.10897067846211803
7 0.28118279569892474 0.22622399523942488 0.00967741935483871 0.04095892684208738
11 0.1478494623655914 0.19472861682937542 0.007526881720430108 0.09395320363199056
