11 0.2532258064516129 0.21801573071166422 0.00967741935483871 0.057516520598942536
9 0.4150537634408602 0.16211205999034062 0.030107526881720432 0.04317745897289227
23 0.3924731182795699 0.251870820031332 0.010752688172043012 0.056491145626280576
31 0.3956989247311828 0.1462073381542831 0.002150537634408602 0.1587765079400879
23 0.42795698924731185 0.23314061306957481 0.004301075268817204 0.06527245189943531
23 0.14946236559139786 0.2247045530090819 0.017204301075268817 0.09303932626717899
11 0.11344086021505376 0.19778936288709975 0.007526881720430108 0.08975221335289427
9 0.3634408602150538 0.16470470464501707 0.002150537634408602 0.03246638759175437
23 0.04247311827956989 0.21205675224190404 0.02258064516129032 0.1271704827855283
9 0.3118279569892473 0.15803574315699367 0.053763440860215055 0.040298293436997465
23 0.27956989247311825 0.22582346858130614 0.010752688172043012 0.08424535820903878
23 0.5478494623655914 0.22111269483580673 0.0032258064516129032 0.04310554945548031
23 0.8467741935483871 0.2213113100340857 0.00967741935483871 0.024484965542314937
23 0.6268817204301075 0.21663380563752915 0.02795698924731183 0.12922092837755975
23 0.4075268817204301 0.2261859071044571 0.012903225806451613 0.04947126516000883
23 0.8817204301075269 0.21554479397522716 0.008602150537634409 0.05628850092972569
9 0.7709677419354839 0.16257367202386627 0.053763440860215055 0.04410068303994357
11 0.7365591397849462 0.18716413274878907 0.008602150537634409 0.09679864193973711
9 0.85 0.1633596598152035 0.026881720430107527 0.04918969607256595
9 0.667741935483871 0.16272181751426992 0.034408602150537634 0.05493183893030433
23 0.5897849462365592 0.21731505199327691 0.013978494623655914 0.04865823553375486
23 0.7209677419354839 0.23949409965253474 0.024731182795698924 0.07229578796426692
11 0.6021505376344086 0.20791153390400577 0.004301075268817204 0.10286128440308469
23 0.4553763440860215 0.21485789033772446 0.02258064516129032 0.13277275897716914
23 0.5559139784946237 0.2353376616113698 0.004301075268817204 0.11247237046318607
