23 0.23870967741935484 0.24634969358995829 0.015053763440860216 0.045371797495846154
23 0.2064516129032258 0.23717046297067773 0.002150537634408602 0.05505281871979323
23 0.13870967741935483 0.2261798509100838 0.010752688172043012 0.1105808961520635
23 0.26129032258064516 0.2181827450687257 0.004301075268817204 0.0380090039835756
11 0.06935483870967742 0.21022678294221303 0.035483870967741936 0.08223731516659476
23 0.06344086021505377 0.26296937400128323 0.030107526881720432 0.06283403378626627
5 0.47580645161290325 0.20773803350598474 0.024731182795698924 0.08610603667962521
10 0.5231182795698924 0.20147977929220337 0.026881720430107527 0.06512855210449853
23 0.5709677419354838 0.23423709071301765 0.017204301075268817 0.09924516506992102
23 0.3118279569892473 0.2403401262228283 0.030107526881720432 0.08526448381752172
11 0.29193548387096774 0.20147977929722677 0.02043010752688172 0.07218219409975045
23 0.49838709677419357 0.23710906864684328 0.02043010752688172 0.10787647227998338
23 0.2806451612903226 0.23021177606180399 0.004301075268817204 0.04278561338301756
23 0.4053763440860215 0.2400956760883727 0.015053763440860216 0.09647451117609135
23 0.041935483870967745 0.24267520083740068 0.010752688172043012 0.07218545354154485
10 0.7059139784946237 0.20225948858678988 0.03118279569892473 0.07936444774294037
11 0.7903225806451613 0.20695689371031653 0.017204301075268817 0.06046070670039393
12 0.7736559139784946 0.2171666614600839 0.013978494623655914 0.11758081965340042
11 0.014516129032258065 0.2052661670826781 0.02903225806451613 0.08177823363430067
23 0.6236559139784946 0.22920583091360777 0.012903225806451613 0.030263589498292165
10 0.8274193548387097 0.21008179671635194 0.01827956989247312 0.04949229670283734
23 0.703763440860215 0.2312263846642382 0.007526881720430108 0.08599802318025498
23 0.7634408602150538 0.2536376508966633 0.004301075268817204 0.1221015801321657
7 0.3403225806451613 0.2193092553139696 0.007526881720430108 0.04496778732999498
10 0.8806451612903226 0.2087516089478128 0.01935483870967742 0.08976814569554804
10 0.9532258064516129 0.20649013633745858 0.016129032258064516 0.07090315224160298
23 0.9639784946236559 0.239318263402532 0.011827956989247311 0.08908281969089228
23 0.8682795698924731 0.2509345968350653 0.005376344086021506 0.04313516007183841
23 0.8526881720430107 0.22332079634072555 0.002150537634408602 0.061467871020290235
23 0.6478494623655914 0.2349251829046207 0.011827956989247311 0.08904280987585035
