23 0.020967741935483872 0.2182634139669218 0.016129032258064516 0.01682014524681034
9 0.03064516129032258 0.16294368959635522 0.05913978494623656 0.04420066750711911
23 0.6295698924731182 0.213095121831953 0.0032258064516129032 0.028956654276493694
9 0.18064516129032257 0.1595813618948097 0.002150537634408602 0.035875119787265576
19 0.9489247311827957 0.20967807435784183 0.011827956989247311 0.057647483450013776
11 0.85 0.22457655014220704 0.005376344086021506 0.07906505358458456
19 0.9258064516129032 0.21928833794505606 0.01935483870967742 0.053284360665799974
29 0.8779569892473118 0.20058616014373823 0.0032258064516129032 0.05939351461937237
19 0.8365591397849462 0.20060960148830065 0.0064516129032258064 0.03783834205157042
29 0.896236559139785 0.2068106510651932 0.03978494623655914 0.06522634161896099
19 0.8241935483870968 0.20337915769750342 0.005376344086021506 0.04838858254539287
23 0.18655913978494623 0.23093441915814159 0.005376344086021506 0.02812153283437464
11 0.17795698924731182 0.19581428291583958 0.007526881720430108 0.11154163629417004
9 0.14946236559139786 0.16296411616145365 0.04086021505376344 0.045841302785398164
23 0.16666666666666666 0.23485336966404904 0.004301075268817204 0.009140904421249273
9 0.11720430107526882 0.16427424760363396 0.002150537634408602 0.051657735447767465
23 0.11666666666666667 0.21673285363301653 0.016129032258064516 0.13087408430519643
9 0.09623655913978495 0.16212383998749313 0.016129032258064516 0.04416075043747716
11 0.07526881720430108 0.19782046377771462 0.0064516129032258064 0.1037429730233381
19 0.7618279569892473 0.19668599439376067 0.005376344086021506 0.033333668366939295
9 0.782258064516129 0.1588519505207462 0.013978494623655914 0.04400476422417749
23 0.7306451612903225 0.25071120969205424 0.024731182795698924 0.05881036630483611
23 0.3763440860215054 0.24601400000559712 0.008602150537634409 0.044062106918068625
9 0.4413978494623656 0.16157305068479277 0.05268817204301075 0.03022844814613113
23 0.5532258064516129 0.220875953586656 0.007526881720430108 0.008004601691403473
23 0.5268817204301075 0.2530435646557129 0.002150537634408602 0.010472842420122145
19 0.6989247311827957 0.19673098529848848 0.012903225806451613 0.03675908329695337
19 0.6 0.19938406179686488 0.021505376344086023 0.04206523629370617
9 0.28655913978494624 0.16264086019107998 0.1860215053763441 0.049987298031606335
11 0.6623655913978495 0.1906584156406048 0.002150537634408602 0.10122990174370045
19 0.6478494623655914 0.19368613157297007 0.013978494623655914 0.04108974546048315
23 0.1989247311827957 0.20943656331912183 0.008602150537634409 0.009588881968179653
