9 0.19193548387096773 0.15707391099097243 0.1043010752688172 0.028709222656308868
11 0.02258064516129032 0.20736057909606925 0.008602150537634409 0.07815800140706863
23 0.031720430107526884 0.22672006642995127 0.0032258064516129032 0.04123003150044072
9 0.034408602150537634 0.16181471988963614 0.004301075268817204 0.036660470492361215
23 0.11505376344086021 0.2448869746527542 0.025806451612903226 0.07756384794604657
9 0.08817204301075268 0.1657455585436268 0.06451612903225806 0.03838976704988881
23 0.5069892473118279 0.22444600929036707 0.013978494623655914 0.10918480502356363
11 0.16129032258064516 0.20064084434117835 0.025806451612903226 0.0881240591802039
23 0.06505376344086021 0.2339001381013059 0.026881720430107527 0.05791892011551483
23 0.04032258064516129 0.22683170012479537 0.001075268817204301 0.019746807859727503
11 0.13333333333333333 0.19961740557703042 0.010752688172043012 0.08297348712275056
23 0.4838709677419355 0.23001844796329635 0.02795698924731183 0.03284226367261444
9 0.32526881720430106 0.16294964312431562 0.001075268817204301 0.03279793621126641
23 0.4118279569892473 0.23245683328988173 0.002150537634408602 0.02083749050352885
5 0.42634408602150536 0.23033625533122803 0.00967741935483871 0.07304384777460513
31 0.41774193548387095 0.20163095160148345 0.001075268817204301 0.09320302073927395
9 0.5145161290322581 0.15244906836574168 0.001075268817204301 0.0316650200535865
31 0.40591397849462363 0.19806679518512607 0.005376344086021506 0.08607470790655922
23 0.38064516129032255 0.24887013390419166 0.017204301075268817 0.03340176338189664
23 0.3596774193548387 0.22945149487777053 0.02043010752688172 0.016310566735967313
23 0.19462365591397848 0.2669459894541115 0.017204301075268817 0.032020354994826306
5 0.39301075268817204 0.23621935172632513 0.041935483870967745 0.0701172235693276
9 0.30806451612903224 0.1640894142038133 0.001075268817204301 0.02892733557158079
5 0.31129032258064515 0.22784464494039924 0.06989247311827956 0.09166441725466515
5 0.9112903225806451 0.23098311335933874 0.04408602150537634 0.08261046595723395
11 0.2478494623655914 0.20256518453427752 0.00967741935483871 0.07949180193704831
23 0.00913978494623656 0.2242939818788707 0.01827956989247312 0.07227877630576388
23 0.7844086021505376 0.22305903771008273 0.007526881720430108 0.05034684852207539
23 0.9419354838709677 0.2180602756830557 0.010752688172043012 0.05497121961728089
0 0.8424731182795699 0.23979706773365467 0.016129032258064516 0.0079337112357715
9 0.5306451612903226 0.16156013743961123 0.001075268817204301 0.04836505215306117
23 0.23440860215053763 0.21403484581615453 0.01935483870967742 0.00922303027504558
9 0.2639784946236559 0.1642309815894799 0.001075268817204301 0.04302336385332381
23 0.613978494623656 0.22547671650762197 0.004301075268817204 0.010274252330270784
5 0.6973118279569892 0.23522892979446428 0.03763440860215054 0.07794953281486958
9 0.717741935483871 0.160581097126158 0.08064516129032258 0.029595601972097693
23 0.6602150537634408 0.24199285581556554 0.015053763440860216 0.07604770697661281
23 0.6295698924731182 0.22957160080934264 0.016129032258064516 0.031948569364707
11 0.5768817204301075 0.2044022216341924 0.013978494623655914 0.07694671381490752
23 0.5672043010752689 0.22691144597248114 0.005376344086021506 0.04985868032047293
23 0.5854838709677419 0.2277931577717859 0.0032258064516129032 0.028391683289593555
9 0.2860215053763441 0.1641611054491825 0.002150537634408602 0.03675561861814667
