11 0.34946236559139787 0.2153400176397677 0.004301075268817204 0.046272179560397635
23 0.939247311827957 0.2219768572625741 0.02258064516129032 0.09217889954715167
23 0.7053763440860215 0.23624760850492454 0.0064516129032258064 0.07148644277013476
11 0.6311827956989248 0.20616379952221003 0.008602150537634409 0.0718152232164189
23 0.3188172043010753 0.23793765598652156 0.02043010752688172 0.07986848432892546
23 0.8569892473118279 0.226398707024482 0.0064516129032258064 0.055125378859826026
23 0.060215053763440864 0.228784140819696 0.021505376344086023 0.06156145399527437
12 0.7381720430107527 0.2131452549527111 0.03978494623655914 0.05520995555915506
5 0.15268817204301074 0.22266838727511154 0.08172043010752689 0.12237434006528346
11 0.6580645161290323 0.2090276050429443 0.023655913978494623 0.07593853849730156
19 0.639247311827957 0.21633112675786806 0.007526881720430108 0.03499021832659815
19 0.639247311827957 0.21684503871240213 0.007526881720430108 0.03435072274163273
10 0.6543010752688172 0.2092475563599812 0.02258064516129032 0.06024949761658875
11 0.9016129032258065 0.2196216159332917 0.013978494623655914 0.04489959039425561
11 0.08118279569892473 0.20983484089800494 0.013978494623655914 0.06627962724590832
11 0.8650537634408603 0.22971502629202276 0.005376344086021506 0.09631374371792303
