12 0.4752688172043011 0.22046482692282007 0.0064516129032258064 0.04272792244773107
12 0.21129032258064517 0.21195805160610914 0.007526881720430108 0.06544855579303543
12 0.31451612903225806 0.19937256936419778 0.007526881720430108 0.07735806668809403
12 0.35161290322580646 0.20571888938187677 0.0064516129032258064 0.06654825654504785
12 0.17150537634408602 0.2078842274746598 0.007526881720430108 0.0641041972356754
12 0.5661290322580645 0.21263309426555996 0.005376344086021506 0.034056040876151265
12 0.07365591397849462 0.21927315505523892 0.0032258064516129032 0.05081834889477588
12 0.026881720430107527 0.2029319675164781 0.0064516129032258064 0.07779364126041498
12 0.736021505376344 0.20994533572102939 0.0032258064516129032 0.03390050697934561
12 0.9026881720430108 0.20363376432342806 0.005376344086021506 0.05390515421103419
12 0.12741935483870967 0.2067691853184606 0.007526881720430108 0.05507082321773836
17 0.1967741935483871 0.2092063513184471 0.008602150537634409 0.0633504439622044
