21 0.3333333333333333 0.19306173841200955 0.002150537634408602 0.028211816591437885
23 0.4682795698924731 0.20015287012365268 0.00967741935483871 0.13992258780061329
23 0.38225806451612904 0.1991786629488455 0.013978494623655914 0.14365787880575367
23 0.1989247311827957 0.20741943377227412 0.021505376344086023 0.16581049780515303
21 0.3258064516129032 0.20564931085227525 0.0064516129032258064 0.04589152500097333
23 0.10483870967741936 0.21002519655206905 0.026881720430107527 0.15682044007398582
23 0.02956989247311828 0.21051203955841108 0.026881720430107527 0.15209059871393812
23 0.28978494623655915 0.2100299389375951 0.024731182795698924 0.13824270034684227
23 0.6650537634408602 0.19231572814421924 0.016129032258064516 0.20749341804860205
23 0.8946236559139785 0.2083390448056653 0.01935483870967742 0.14345804379655905
23 0.9811827956989247 0.21471574241261582 0.035483870967741936 0.13898396513579303
23 0.7279569892473118 0.2130295015129078 0.02795698924731183 0.1583918024616497
23 0.5887096774193549 0.21789218904628915 0.026881720430107527 0.15057593797525595
