7 0.5833333333333334 0.22642256634241817 0.007526881720430108 0.031142986982583526
9 0.8413978494623656 0.16431205922246878 0.024731182795698924 0.047979657364171285
9 0.7430107526881721 0.1702810094052763 0.002150537634408602 0.05226292490778935
9 0.3123655913978495 0.15349334111160565 0.03978494623655914 0.03967602833363263
9 0.6983870967741935 0.15994477047113947 0.03978494623655914 0.050678717568833166
9 0.37473118279569895 0.15669217150644338 0.03763440860215054 0.04491353683617433
9 0.2510752688172043 0.15887089958076758 0.013978494623655914 0.04282123817087601
9 0.4553763440860215 0.16547484108794902 0.001075268817204301 0.059837169868793005
19 0.49032258064516127 0.22545396238726115 0.0064516129032258064 0.03752482902138711
9 0.4188172043010753 0.15480431725214133 0.001075268817204301 0.02130954060151938
9 0.5795698924731183 0.16445806746999153 0.15053763440860216 0.057803622632878
9 0.9838709677419355 0.15182115195947116 0.012903225806451613 0.03880315901822121
9 0.11290322580645161 0.16230159838615546 0.1870967741935484 0.04395873569154465
9 0.7801075268817205 0.16325758996329287 0.026881720430107527 0.04204675253726981
7 0.41774193548387095 0.22825652775363933 0.02043010752688172 0.04312995975414351
7 0.1381720430107527 0.2294380756778586 0.007526881720430108 0.047563936639083246
