9 0.4064516129032258 0.16227227555365925 0.04086021505376344 0.03778141105041521
0 0.3553763440860215 0.2184997362966022 0.01827956989247312 0.044829084138506406
18 0.28279569892473116 0.21483987054607864 0.010752688172043012 0.06368991598826024
9 0.36075268817204303 0.1615507004009559 0.001075268817204301 0.048086701325122376
19 0.5172043010752688 0.22239948053559427 0.004301075268817204 0.03131352555741175
25 0.24301075268817204 0.26604544968658334 0.002150537634408602 0.01117106750788095
27 0.10215053763440861 0.18675903987949163 0.010752688172043012 0.065316076983186
19 0.12258064516129032 0.21924963454792484 0.012903225806451613 0.03571558092343375
31 0.9827956989247312 0.191747701579881 0.004301075268817204 0.07194513872849878
19 0.03978494623655914 0.217742544355967 0.010752688172043012 0.05209543308293383
31 0.9301075268817204 0.19287650911482113 0.0064516129032258064 0.06412295983405177
19 0.8924731182795699 0.21547239019827213 0.008602150537634409 0.052797078401637526
19 0.6634408602150538 0.21582745727621236 0.012903225806451613 0.03168433630273048
18 0.18924731182795698 0.21556105358401972 0.010752688172043012 0.05645841462682833
28 0.6532258064516129 0.18901160345363105 0.016129032258064516 0.046258330433387465
0 0.5956989247311828 0.2150679537354657 0.012903225806451613 0.030899587005287357
19 0.9650537634408602 0.2234803307386661 0.007526881720430108 0.0406198603175356
28 0.6908602150537635 0.19146448189623644 0.011827956989247311 0.052651163213132075
31 0.967741935483871 0.19252204018524613 0.002150537634408602 0.046490369813413306
31 0.9483870967741935 0.19245558428418882 0.017204301075268817 0.06496480949531641
31 0.9623655913978495 0.1854664150543002 0.004301075268817204 0.06060162007530514
11 0.7172043010752688 0.20627293352369772 0.004301075268817204 0.06546811101427918
23 0.760752688172043 0.24138407637669188 0.011827956989247311 0.05342979555610598
16 0.7951612903225806 0.23575526592078214 0.00967741935483871 0.016069989953303505
19 0.8327956989247312 0.22852728376594297 0.011827956989247311 0.07191324786986956
