11 0.1629032258064516 0.16869538370125897 0.02043010752688172 0.20375259903403964
17 0.4290322580645161 0.23420503396631598 0.015053763440860216 0.07273329850392565
0 0.4204301075268817 0.19991252249636812 0.008602150537634409 0.08333953217410942
9 0.34838709677419355 0.1371688429190728 0.025806451612903226 0.14069951746966727
9 0.3225806451612903 0.16424410452090615 0.002150537634408602 0.08654899426600057
9 0.2849462365591398 0.1371688429190728 0.05161290322580645 0.14069951746966727
9 0.2446236559139785 0.15823988799913394 0.001075268817204301 0.049946079494099634
9 0.4397849462365591 0.13867342974809332 0.002150537634408602 0.14370869112770834
9 0.22311827956989247 0.166635908628792 0.016129032258064516 0.06536455725506327
5 0.03602150537634408 0.1977420974024708 0.07204301075268817 0.12884984122260051
32 0.139247311827957 0.14491773418788137 0.011827956989247311 0.04789625359995102
7 0.07526881720430108 0.21260477385077112 0.0064516129032258064 0.0888994718014816
5 0.1032258064516129 0.20083049293959904 0.002150537634408602 0.0766833638489004
5 0.12311827956989248 0.18868141646508005 0.0032258064516129032 0.10257616890609736
23 0.874731182795699 0.21826151820783798 0.007526881720430108 0.04821657338008507
11 0.5360215053763441 0.2038591556885671 0.07634408602150537 0.07940587739712668
31 0.9865591397849462 0.19195220086882842 0.00967741935483871 0.10083520805810423
31 0.9650537634408602 0.1959633421033559 0.001075268817204301 0.08801231762954566
31 0.9473118279569892 0.19826377181333424 0.002150537634408602 0.08981791161463856
31 0.9973118279569892 0.17359602026298426 0.001075268817204301 0.022132328058455667
31 0.9327956989247311 0.19633931814444242 0.011827956989247311 0.07615415059827298
31 0.943010752688172 0.1692836077220909 0.002150537634408602 0.020636560515249775
23 0.7387096774193549 0.23335050657627923 0.004301075268817204 0.021253166173907916
31 0.8478494623655914 0.1713918654815229 0.001075268817204301 0.014979700847361312
31 0.8790322580645161 0.16676375198124516 0.001075268817204301 0.014189582710098032
11 0.6704301075268817 0.20032078843040965 0.005376344086021506 0.05721119778659623
31 0.860752688172043 0.19410602323237777 0.001075268817204301 0.07590007468731542
17 0.7150537634408602 0.21593101589762945 0.03655913978494624 0.0855750976476775
