14 0.5306451612903226 0.5 0.02043010752688172 1.0
0 0.07956989247311828 0.5 0.017204301075268817 1.0
6 0.9413978494623656 0.5 0.03333333333333333 1.0
14 0.8795698924731182 0.5 0.030107526881720432 1.0
2 0.6913978494623656 0.5 0.07526881720430108 1.0
0 0.15806451612903225 0.5 0.015053763440860216 1.0
14 0.624731182795699 0.5 0.021505376344086023 1.0
14 0.7682795698924731 0.5 0.026881720430107527 1.0
0 0.3849462365591398 0.5 0.023655913978494623 1.0
14 0.41559139784946236 0.5 0.02258064516129032 1.0
0 0.27419354838709675 0.5 0.008602150537634409 1.0
0 0.4645161290322581 0.5 0.015053763440860216 1.0
14 0.2252688172043011 0.5 0.026881720430107527 1.0
14 0.34301075268817205 0.5 0.01935483870967742 1.0
