9 0.32526881720430106 0.5 0.001075268817204301 1.0
23 0.45268817204301076 0.5 0.0064516129032258064 1.0
9 0.5301075268817205 0.5 0.015053763440860216 1.0
31 0.10913978494623656 0.5 0.001075268817204301 1.0
7 0.3881720430107527 0.5 0.0064516129032258064 1.0
11 0.31989247311827956 0.5 0.005376344086021506 1.0
23 0.9709677419354839 0.5 0.04516129032258064 1.0
23 0.20913978494623656 0.5 0.011827956989247311 1.0
23 0.3102150537634409 0.5 0.01827956989247312 1.0
23 0.1295698924731183 0.5 0.005376344086021506 1.0
9 0.36612903225806454 0.5 0.001075268817204301 1.0
10 0.14946236559139786 0.5 0.015053763440860216 1.0
23 0.11451612903225807 0.5 0.011827956989247311 1.0
11 0.1913978494623656 0.5 0.012903225806451613 1.0
23 0.9005376344086021 0.5 0.016129032258064516 1.0
23 0.646236559139785 0.5 0.010752688172043012 1.0
7 0.7311827956989247 0.5 0.0064516129032258064 1.0
7 0.6833333333333333 0.5 0.02903225806451613 1.0
7 0.7919354838709678 0.5 0.024731182795698924 1.0
23 0.7456989247311828 0.5 0.005376344086021506 1.0
7 0.6150537634408603 0.5 0.008602150537634409 1.0
7 0.5876344086021505 0.5 0.005376344086021506 1.0
7 0.5532258064516129 0.5 0.005376344086021506 1.0
7 0.6376344086021506 0.5 0.0064516129032258064 1.0
23 0.8435483870967742 0.5 0.026881720430107527 1.0
