7 0.9768817204301076 0.5 0.007526881720430108 1.0
7 0.8397849462365592 0.5 0.05806451612903226 1.0
7 0.8956989247311828 0.5 0.0064516129032258064 1.0
31 0.6209677419354839 0.5 0.007526881720430108 1.0
23 0.5284946236559139 0.5 0.01827956989247312 1.0
7 0.7881720430107527 0.5 0.023655913978494623 1.0
7 0.6430107526881721 0.5 0.010752688172043012 1.0
7 0.9403225806451613 0.5 0.024731182795698924 1.0
23 0.3618279569892473 0.5 0.011827956989247311 1.0
7 0.7596774193548387 0.5 0.007526881720430108 1.0
