23 0.020967741935483872 0.5 0.016129032258064516 1.0
9 0.03064516129032258 0.5 0.05913978494623656 1.0
23 0.6295698924731182 0.5 0.0032258064516129032 1.0
9 0.18064516129032257 0.5 0.002150537634408602 1.0
19 0.9489247311827957 0.5 0.011827956989247311 1.0
11 0.85 0.5 0.005376344086021506 1.0
19 0.9258064516129032 0.5 0.01935483870967742 1.0
29 0.8779569892473118 0.5 0.0032258064516129032 1.0
19 0.8365591397849462 0.5 0.0064516129032258064 1.0
29 0.896236559139785 0.5 0.03978494623655914 1.0
19 0.8241935483870968 0.5 0.005376344086021506 1.0
23 0.18655913978494623 0.5 0.005376344086021506 1.0
11 0.17795698924731182 0.5 0.007526881720430108 1.0
9 0.14946236559139786 0.5 0.04086021505376344 1.0
23 0.16666666666666666 0.5 0.004301075268817204 1.0
9 0.11720430107526882 0.5 0.002150537634408602 1.0
23 0.11666666666666667 0.5 0.016129032258064516 1.0
9 0.09623655913978495 0.5 0.016129032258064516 1.0
11 0.07526881720430108 0.5 0.0064516129032258064 1.0
19 0.7618279569892473 0.5 0.005376344086021506 1.0
9 0.782258064516129 0.5 0.013978494623655914 1.0
23 0.7306451612903225 0.5 0.024731182795698924 1.0
23 0.3763440860215054 0.5 0.008602150537634409 1.0
9 0.4413978494623656 0.5 0.05268817204301075 1.0
23 0.5532258064516129 0.5 0.007526881720430108 1.0
23 0.5268817204301075 0.5 0.002150537634408602 1.0
19 0.6989247311827957 0.5 0.012903225806451613 1.0
19 0.6 0.5 0.021505376344086023 1.0
9 0.28655913978494624 0.5 0.1860215053763441 1.0
11 0.6623655913978495 0.5 0.002150537634408602 1.0
19 0.6478494623655914 0.5 0.013978494623655914 1.0
23 0.1989247311827957 0.5 0.008602150537634409 1.0
