23 0.11935483870967742 0.5 0.012903225806451613 1.0
11 0.03387096774193549 0.5 0.016129032258064516 1.0
11 0.13978494623655913 0.5 0.0064516129032258064 1.0
7 0.25268817204301075 0.5 0.008602150537634409 1.0
0 0.2413978494623656 0.5 0.0032258064516129032 1.0
23 0.20967741935483872 0.5 0.002150537634408602 1.0
23 0.36935483870967745 0.5 0.02043010752688172 1.0
23 0.6725806451612903 0.5 0.00967741935483871 1.0
5 0.7021505376344086 0.5 0.0064516129032258064 1.0
5 0.4435483870967742 0.5 0.026881720430107527 1.0
9 0.7139784946236559 0.5 0.012903225806451613 1.0
23 0.6064516129032258 0.5 0.04516129032258064 1.0
23 0.5198924731182796 0.5 0.007526881720430108 1.0
9 0.5693548387096774 0.5 0.00967741935483871 1.0
23 0.4666666666666667 0.5 0.01935483870967742 1.0
9 0.47956989247311826 0.5 0.03870967741935484 1.0
23 0.882258064516129 0.5 0.02903225806451613 1.0
9 0.878494623655914 0.5 0.015053763440860216 1.0
7 0.7473118279569892 0.5 0.0064516129032258064 1.0
11 0.7516129032258064 0.5 0.008602150537634409 1.0
23 0.7741935483870968 0.5 0.012903225806451613 1.0
11 0.7758064516129032 0.5 0.013978494623655914 1.0
23 0.012365591397849462 0.5 0.02258064516129032 1.0
23 0.8231182795698925 0.5 0.02043010752688172 1.0
