23 0.9435483870967742 0.5 0.02903225806451613 1.0
23 0.7709677419354839 0.5 0.021505376344086023 1.0
9 0.678494623655914 0.5 0.002150537634408602 1.0
23 0.6951612903225807 0.5 0.035483870967741936 1.0
23 0.5381720430107527 0.5 0.016129032258064516 1.0
9 0.7048387096774194 0.5 0.0032258064516129032 1.0
23 0.4774193548387097 0.5 0.015053763440860216 1.0
31 0.39301075268817204 0.5 0.001075268817204301 1.0
23 0.4295698924731183 0.5 0.035483870967741936 1.0
7 0.28118279569892474 0.5 0.00967741935483871 1.0
11 0.1478494623655914 0.5 0.007526881720430108 1.0
