0 0.6564516129032258 0.5 0.035483870967741936 1.0
33 0.22580645161290322 0.5 0.06881720430107527 1.0
33 0.34623655913978496 0.5 0.04516129032258064 1.0
0 0.6795698924731183 0.5 0.010752688172043012 1.0
34 0.6021505376344086 0.5 0.7956989247311828 1.0
34 0.06397849462365592 0.5 0.12795698924731183 1.0
0 0.1989247311827957 0.5 0.015053763440860216 1.0
33 0.04516129032258064 0.5 0.01935483870967742 1.0
33 0.13548387096774195 0.5 0.06881720430107527 1.0
0 0.1870967741935484 0.5 0.047311827956989246 1.0
6 0.15 0.5 0.02903225806451613 1.0
