0 0.1827956989247312 0.5 0.008602150537634409 1.0
31 0.6021505376344086 0.5 0.1978494623655914 1.0
31 0.18548387096774194 0.5 0.06559139784946237 1.0
31 0.11774193548387096 0.5 0.024731182795698924 1.0
0 0.07043010752688172 0.5 0.00967741935483871 1.0
31 0.031720430107526884 0.5 0.035483870967741936 1.0
31 0.3349462365591398 0.5 0.1881720430107527 1.0
0 0.27204301075268816 0.5 0.008602150537634409 1.0
0 0.3543010752688172 0.5 0.005376344086021506 1.0
0 0.4306451612903226 0.5 0.00967741935483871 1.0
31 0.46559139784946235 0.5 0.030107526881720432 1.0
0 0.6069892473118279 0.5 0.005376344086021506 1.0
0 0.9978494623655914 0.5 0.004301075268817204 1.0
0 0.6747311827956989 0.5 0.00967741935483871 1.0
31 0.7483870967741936 0.5 0.03655913978494624 1.0
0 0.7688172043010753 0.5 0.008602150537634409 1.0
31 0.7870967741935484 0.5 0.012903225806451613 1.0
31 0.8268817204301075 0.5 0.03655913978494624 1.0
31 0.9053763440860215 0.5 0.09462365591397849 1.0
31 0.9865591397849462 0.5 0.026881720430107527 1.0
31 0.5602150537634408 0.5 0.023655913978494623 1.0
0 0.5258064516129032 0.5 0.010752688172043012 1.0
