11 0.31827956989247314 0.5 0.034408602150537634 1.0
11 0.8736559139784946 0.5 0.03763440860215054 1.0
11 0.007526881720430108 0.5 0.015053763440860216 1.0
11 0.10806451612903226 0.5 0.02043010752688172 1.0
11 0.5155913978494624 0.5 0.026881720430107527 1.0
11 0.2129032258064516 0.5 0.01935483870967742 1.0
19 0.5940860215053764 0.5 0.007526881720430108 1.0
11 0.6198924731182796 0.5 0.02903225806451613 1.0
11 0.7376344086021506 0.5 0.025806451612903226 1.0
11 0.4198924731182796 0.5 0.02043010752688172 1.0
