12 0.9956989247311828 0.2027721921461204 0.008602150537634409 0.08217981311162936
12 0.4 0.21624358288140616 0.03225806451612903 0.12677630023446856
12 0.19462365591397848 0.21491669445275494 0.021505376344086023 0.10202935878982532
12 0.2521505376344086 0.19925811291502424 0.035483870967741936 0.09938477725392252
12 0.016666666666666666 0.20634338721566028 0.02043010752688172 0.08265890693663153
12 0.4747311827956989 0.20347768896243107 0.02258064516129032 0.10124451239651841
12 0.3231182795698925 0.20333264422825068 0.03333333333333333 0.11987664708942432
12 0.08709677419354839 0.2098538122888076 0.023655913978494623 0.0807563391117226
12 0.6489247311827957 0.20677296785465418 0.024731182795698924 0.11878903547960866
12 0.7161290322580646 0.20127744759298158 0.021505376344086023 0.09024292340852302
12 0.7779569892473118 0.20515046217754268 0.02258064516129032 0.08249689423940082
12 0.853763440860215 0.2066905330391916 0.025806451612903226 0.09223225530169937
12 0.9370967741935484 0.2018288087364877 0.02043010752688172 0.08914020112151076
12 0.5516129032258065 0.20229829332104715 0.030107526881720432 0.08566080619866279
