19 0.1478494623655914 0.19806942412789194 0.02903225806451613 0.07902435331662216
7 0.05913978494623656 0.2071511230529037 0.012903225806451613 0.083028764892075
19 0.7946236559139785 0.21196733114400637 0.004301075268817204 0.02180878797011735
19 0.6612903225806451 0.2019728269045925 0.017204301075268817 0.047613865249079394
19 0.4220430107526882 0.21750060802523197 0.016129032258064516 0.042155124995878146
7 0.1032258064516129 0.21783368466801942 0.015053763440860216 0.03354149501814348
7 0.08010752688172043 0.21087968463069293 0.011827956989247311 0.0654275807012802
7 0.025268817204301075 0.2113308454705407 0.02903225806451613 0.06452525902158461
7 0.128494623655914 0.21876632558296305 0.005376344086021506 0.03167621318825624
19 0.4806451612903226 0.2007804543674868 0.0064516129032258064 0.030732545282983807
