12 0.882258064516129 0.20393209679631819 0.02258064516129032 0.04506648725495038
12 0.4967741935483871 0.20226943669239159 0.034408602150537634 0.054143833701063765
12 0.6026881720430107 0.2030786871743755 0.03118279569892473 0.048687033365149075
12 0.693010752688172 0.20208946741736025 0.03333333333333333 0.04493477726599479
12 0.16612903225806452 0.2044105285128965 0.03333333333333333 0.046023350688107034
12 0.40161290322580645 0.19060438782377417 0.03763440860215054 0.07188952515117358
12 0.10376344086021505 0.2034876408547599 0.02903225806451613 0.04595539913806695
12 0.23709677419354838 0.20393209679631819 0.03333333333333333 0.04506648725495038
12 0.026344086021505377 0.19915378461318292 0.05268817204301075 0.05857926633985749
12 0.29838709677419356 0.20470482326423592 0.026881720430107527 0.04661194019078583
19 0.026881720430107527 0.20537453255176108 0.0064516129032258064 0.03544764534928391
