11 0.31827956989247314 0.20485380874832398 0.034408602150537634 0.06335814616665686
11 0.8736559139784946 0.20505471783474075 0.03763440860215054 0.08629656383996366
11 0.007526881720430108 0.2071303574890795 0.015053763440860216 0.054623846228036815
11 0.10806451612903226 0.20632447200021492 0.02043010752688172 0.06251425757197619
11 0.5155913978494624 0.19648956280788335 0.026881720430107527 0.08218407595663932
11 0.2129032258064516 0.2043305819834698 0.01935483870967742 0.062311692636948496
19 0.5940860215053764 0.21175415414785578 0.007526881720430108 0.03500101891257023
11 0.6198924731182796 0.20801788995908516 0.02903225806451613 0.06968630858817922
11 0.7376344086021506 0.20682699263499155 0.025806451612903226 0.09356971328676127
11 0.4198924731182796 0.20509458251809626 0.02043010752688172 0.08264015739371768
