23 0.7559139784946236 0.2473833226966184 0.010752688172043012 0.09535904538319837
23 0.8521505376344086 0.26339976456781666 0.011827956989247311 0.07003061965058158
14 0.8311827956989247 0.1620114852807474 0.02795698924731183 0.06740754215518083
33 0.4774193548387097 0.39942157323440014 0.023655913978494623 0.03511519413651226
23 0.7897849462365591 0.2438958336702614 0.007526881720430108 0.09900960971729261
14 0.7559139784946236 0.1588457037753855 0.025806451612903226 0.06844721452625496
33 0.6516129032258065 0.4086090724764646 0.021505376344086023 0.04604448952963677
8 0.689247311827957 0.2774377408954133 0.12043010752688173 0.05215654465317391
14 0.6327956989247312 0.16114106219951765 0.024731182795698924 0.06074054644529061
23 0.5360215053763441 0.2556369744848753 0.024731182795698924 0.06565992912100535
14 0.5225806451612903 0.16064441192673595 0.025806451612903226 0.0622114947309399
33 0.703763440860215 0.3964629889546917 0.02258064516129032 0.02919802557709538
35 0.012365591397849462 0.16858217256934752 0.005376344086021506 0.10015984290056094
14 0.9661290322580646 0.1671387447234685 0.02258064516129032 0.06779991105850723
14 0.8602150537634409 0.15757302764319725 0.023655913978494623 0.06835426329801729
23 0.4639784946236559 0.23648095218031234 0.016129032258064516 0.06284144492571386
23 0.3258064516129032 0.2685324284381482 0.025806451612903226 0.043140857837462354
35 0.9295698924731183 0.17555504619078077 0.02043010752688172 0.11410559014342746
33 0.8763440860215054 0.40094424762507247 0.043010752688172046 0.038160542917856984
6 0.3102150537634409 0.18885629843913648 0.03333333333333333 0.13092080488989574
35 0.16129032258064516 0.17257133552905798 0.0064516129032258064 0.1032489549445717
23 0.11720430107526882 0.26494688094679925 0.017204301075268817 0.07031719589509793
23 0.07526881720430108 0.23121563745419413 0.01935483870967742 0.09204956384047899
14 0.05860215053763441 0.15856241868024637 0.024731182795698924 0.05064725897206295
8 0.27741935483870966 0.2948850780360424 0.5548387096774193 0.07517948872361889
14 0.3704301075268817 0.163814909002915 0.024731182795698924 0.06115223961740019
14 0.1881720430107527 0.15809862935877833 0.021505376344086023 0.06204120923264433
