11 0.6596774193548387 0.1789782911636143 0.013978494623655914 0.12035304346268148
35 0.37150537634408604 0.20013145427300214 0.7430107526881721 0.26662474017752597
33 0.07849462365591398 0.3927911039113118 0.04516129032258064 0.01713954986221125
6 0.27903225806451615 0.1918835369397947 0.024731182795698924 0.13539849077369373
23 0.6301075268817204 0.25674741571020143 0.03870967741935484 0.08237163584450465
23 0.7494623655913979 0.2586659704152299 0.012903225806451613 0.06391148088742467
33 0.9059139784946236 0.39796273589752296 0.1 0.027482813834633604
33 0.4591397849462366 0.3911444916693616 0.0064516129032258064 0.02854924704177324
35 0.9075268817204301 0.1987279334362103 0.18494623655913978 0.2638176985039423
23 0.3639784946236559 0.24593737274853372 0.007526881720430108 0.07272884189063934
