33 0.21344086021505376 0.3968736395333417 0.2010752688172043 0.03608291324697417
37 0.3365591397849462 0.2697305834368094 0.012903225806451613 0.05181414081262717
23 0.10268817204301076 0.26240743481748574 0.011827956989247311 0.08246708231476467
14 0.08709677419354839 0.15904583577571282 0.025806451612903226 0.053461065674673444
23 0.012903225806451613 0.2540555069123174 0.008602150537634409 0.06158746636484039
35 0.49946236559139784 0.18161027529869198 0.9989247311827957 0.22958238222890567
37 0.975268817204301 0.2622837847684055 0.017204301075268817 0.08013396808690527
37 0.714516129032258 0.2521652853669456 0.04408602150537634 0.055713028419814965
37 0.8817204301075269 0.25562916025346455 0.06236559139784946 0.07099232377388216
37 0.5774193548387097 0.26125245037295647 0.04946236559139785 0.09258956588290167
33 0.4596774193548387 0.39508180303884266 0.08494623655913978 0.03966658623597227
37 0.28978494623655915 0.26232377269904567 0.02903225806451613 0.05485105090726394
23 0.6446236559139785 0.24358665598233512 0.02043010752688172 0.09977655601536677
33 0.8688172043010752 0.39710260520081614 0.13763440860215054 0.04014191359367984
