0 0.48494623655913977 0.26661498475354256 0.043010752688172046 0.023663604458739232
33 0.4521505376344086 0.40660763077498846 0.011827956989247311 0.043582132543195616
33 0.3596774193548387 0.3896341976363441 0.07419354838709677 0.018547075020524603
26 0.5252688172043011 0.253685915266909 0.02258064516129032 0.05529991040162547
26 0.21666666666666667 0.2467134686657652 0.02043010752688172 0.04641565060424815
35 0.4268817204301075 0.1908485577327333 0.853763440860215 0.2480589470969883
23 0.5064516129032258 0.2513654417173154 0.01935483870967742 0.06576939493043119
26 0.31290322580645163 0.24727793088809902 0.023655913978494623 0.04248394164400559
26 0.6344086021505376 0.24934467157211618 0.017204301075268817 0.04197917640324576
35 0.9102150537634408 0.21029668113256397 0.046236559139784944 0.20296472823652342
26 0.15806451612903225 0.250731998218368 0.02795698924731183 0.04685254301242444
8 0.9623655913978495 0.29676234158406933 0.07526881720430108 0.05618690186796447
23 0.9387096774193548 0.25151177797962815 0.03655913978494624 0.017416291976733105
33 0.8838709677419355 0.38677550600403654 0.03870967741935484 0.03420611320126196
26 0.18548387096774194 0.24323610478488758 0.01827956989247312 0.03946092284249292
23 0.6752688172043011 0.26653713379468397 0.02795698924731183 0.018089563449192197
26 0.5575268817204301 0.24861351034002252 0.01827956989247312 0.04261556725573349
