33 0.6451612903225806 0.39480681108655974 0.24301075268817204 0.029771491477307996
23 0.6586021505376344 0.2518636354469344 0.00967741935483871 0.07015658940812497
14 0.7978494623655914 0.1565296895428288 0.023655913978494623 0.061741707935070965
23 0.7494623655913979 0.23832497440638623 0.017204301075268817 0.10184886179204382
35 0.5360215053763441 0.20335713214193724 0.08924731182795699 0.20022748529138976
23 0.6231182795698925 0.2830844225527262 0.016129032258064516 0.019316379330345156
35 0.6553763440860215 0.20763297094963773 0.03763440860215054 0.28162777353079715
35 0.7209677419354839 0.18291524806954365 0.01827956989247312 0.1678893435117855
23 0.7731182795698924 0.2549746913068534 0.021505376344086023 0.05480248467330715
33 0.023655913978494623 0.40247841243590515 0.021505376344086023 0.031167521929570875
23 0.843010752688172 0.2627340905978951 0.008602150537634409 0.06236346697949004
23 0.55 0.25824050982859104 0.08494623655913978 0.10025835919917991
23 0.8849462365591397 0.2608385781168469 0.017204301075268817 0.06850997386647856
14 0.9387096774193548 0.16286620140979016 0.030107526881720432 0.08085652157774507
23 0.45483870967741935 0.2522440510881437 0.023655913978494623 0.07865959150963832
35 0.9865591397849462 0.19055764382361332 0.02043010752688172 0.17462850865474194
35 0.9075268817204301 0.2108714219674005 0.021505376344086023 0.20497104946919764
35 0.13010752688172042 0.1691305669631659 0.1956989247311828 0.20462296555785345
23 0.0467741935483871 0.24933672844706659 0.013978494623655914 0.0938783682761287
33 0.07741935483870968 0.39817469796048344 0.021505376344086023 0.018985969826965828
33 0.15913978494623657 0.39365361840346375 0.07526881720430108 0.024028774972408625
35 0.8419354838709677 0.1662979616017658 0.06451612903225806 0.19895775483505332
23 0.9403225806451613 0.2636826259425849 0.03118279569892473 0.09185067722282773
35 0.34838709677419355 0.17803424474332363 0.1956989247311828 0.22243032111816896
