34 0.9758064516129032 0.16563405457041608 0.011827956989247311 0.19762994077235388
25 0.8634408602150537 0.2606580700548994 0.030107526881720432 0.036384746833651276
34 0.8478494623655914 0.16657787706553223 0.011827956989247311 0.19951758576258616
0 0.8344086021505376 0.2550406788538411 0.012903225806451613 0.03403435149178262
14 0.8301075268817204 0.16519099105136528 0.017204301075268817 0.06075602671007734
34 0.12526881720430108 0.17480611030257895 0.046236559139784944 0.21597405223667956
0 0.7994623655913978 0.25440118329244954 0.005376344086021506 0.023870973308751577
25 0.8951612903225806 0.27019163164367305 0.0032258064516129032 0.039234537326863474
33 0.5978494623655914 0.3939695801387458 0.01935483870967742 0.01902098548939658
34 0.885483870967742 0.16236672084718412 0.011827956989247311 0.19109527332588994
0 0.8166666666666667 0.2591337741428051 0.00967741935483871 0.03507669278785515
37 0.13064516129032258 0.2580226028742224 0.08064516129032258 0.0575216317976127
33 0.02956989247311828 0.39415907538223216 0.01827956989247312 0.011168629162794675
34 0.7806451612903226 0.1730636122205288 0.0064516129032258064 0.17714285842525962
14 0.09086021505376345 0.158758156710098 0.02043010752688172 0.052475120591358775
23 0.08172043010752689 0.21696308859698807 0.010752688172043012 0.10064192410459709
33 0.07526881720430108 0.3949468291511422 0.021505376344086023 0.01789823678075959
34 0.05698924731182796 0.17882147077748461 0.02795698924731183 0.2240047731864909
34 0.03064516129032258 0.23086335224297838 0.02043010752688172 0.09011955307155221
23 0.012903225806451613 0.23557774985074084 0.015053763440860216 0.0782402689181873
34 0.002688172043010753 0.17185761468641658 0.005376344086021506 0.21007706100435486
34 0.921505376344086 0.1684799509029498 0.015053763440860216 0.2033217334374213
34 0.9387096774193548 0.2504214008924368 0.015053763440860216 0.10148426942107373
34 0.7688172043010753 0.2753970793578406 0.025806451612903226 0.07297709767328575
34 0.11935483870967742 0.2597541322367292 0.04516129032258064 0.04708417349374421
34 0.6258064516129033 0.28549880932315214 0.017204301075268817 0.09848078509334941
0 0.9526881720430107 0.22508513909986894 0.012903225806451613 0.04916150396002355
34 0.2075268817204301 0.24628691943096068 0.017204301075268817 0.06316995744004723
33 0.5381720430107527 0.3892296022252082 0.011827956989247311 0.012591865012577324
34 0.2860215053763441 0.20409579669226544 0.02795698924731183 0.09843157643049506
36 0.18440860215053764 0.14416180680685467 0.011827956989247311 0.15468544524523103
14 0.2053763440860215 0.16307682764533576 0.023655913978494623 0.05193390823573458
34 0.567741935483871 0.2885656133098919 0.015053763440860216 0.0444578867261332
14 0.4397849462365591 0.16508763492823983 0.023655913978494623 0.054422231904655886
14 0.5736559139784946 0.1595008822773924 0.02258064516129032 0.04937580916213157
34 0.3473118279569892 0.20722306457697198 0.04086021505376344 0.09217704066108197
0 0.42795698924731185 0.13684298674184947 0.047311827956989246 0.019098440437010884
14 0.3295698924731183 0.1590778181145412 0.02258064516129032 0.04699936431518664
34 0.5193548387096775 0.23316328582676274 0.06451612903225806 0.2255969132056697
37 0.3682795698924731 0.25983128242628617 0.08709677419354839 0.055914844313253505
34 0.7182795698924731 0.2505579971225458 0.04946236559139785 0.07090360191936336
14 0.6935483870967742 0.16243612293341383 0.021505376344086023 0.061357472847238484
34 0.6720430107526881 0.22268784577722556 0.012903225806451613 0.10259475509688828
34 0.6704301075268817 0.2830524262018565 0.01827956989247312 0.044701750301417334
34 0.6526881720430108 0.1766844240430682 0.012903225806451613 0.14234055988216437
14 0.6370967741935484 0.15590609651444298 0.016129032258064516 0.04371547018833235
37 0.5639784946236559 0.2602577337496425 0.026881720430107527 0.03914810291732154
