23 0.8349462365591398 0.2506413561497853 0.02043010752688172 0.10298177195704124
14 0.5188172043010753 0.16059794756048543 0.02043010752688172 0.05982711019507083
23 0.9413978494623656 0.2555630382016931 0.026881720430107527 0.1031278941660894
35 0.5 0.2030467049619417 1.0 0.27245524155540507
23 0.014516129032258065 0.23978371367477969 0.00967741935483871 0.06571498072268343
23 0.09247311827956989 0.24722385825196028 0.023655913978494623 0.0903372260363125
23 0.15591397849462366 0.2572346573532139 0.017204301075268817 0.10061686807955182
23 0.603763440860215 0.23258881289241107 0.013978494623655914 0.057870744792554475
14 0.6698924731182796 0.1526413628971189 0.01935483870967742 0.04927077697662198
0 0.7456989247311828 0.2782779997538421 0.013978494623655914 0.14855781727038736
0 0.7833333333333333 0.28099489649545484 0.013978494623655914 0.1461797073730895
23 0.5236559139784946 0.2664488450867434 0.015053763440860216 0.05669813997051916
14 0.4575268817204301 0.15869521633570283 0.01827956989247312 0.05602164774550563
0 0.603763440860215 0.26323762772243053 0.03978494623655914 0.014306472346756487
23 0.8897849462365591 0.2673331913723922 0.024731182795698924 0.06466788225101852
26 0.5768817204301075 0.25462246028305746 0.01827956989247312 0.028888543015263255
