23 0.4731182795698925 0.23777999516993986 0.06451612903225806 0.009199523623059924
33 0.7215053763440861 0.3912971582864435 0.24086021505376345 0.04086709482636929
23 0.5935483870967742 0.25495649963095796 0.015053763440860216 0.07222112748819211
23 0.6865591397849462 0.25273776771867484 0.05268817204301075 0.09055953137528137
35 0.7741935483870968 0.17420367872323692 0.11612903225806452 0.21476918907799555
14 0.5435483870967742 0.15958343750883527 0.016129032258064516 0.06675854256434784
35 0.9236559139784947 0.18312308693123183 0.15268817204301074 0.23260800549398536
14 0.8204301075268817 0.1569449289352919 0.021505376344086023 0.06763088423690705
33 0.35376344086021505 0.391606370991653 0.14193548387096774 0.042019975616892385
14 0.6295698924731182 0.15021597875283071 0.02043010752688172 0.045970578493264455
23 0.19516129032258064 0.2535521052605212 0.013978494623655914 0.09274517642426416
33 0.11935483870967742 0.3771379320939574 0.053763440860215055 0.04570615316788179
14 0.09838709677419355 0.15680338218167766 0.02258064516129032 0.05914538535095835
23 0.0532258064516129 0.26343490227685307 0.03978494623655914 0.06356661232261489
33 0.9505376344086022 0.38939395921804637 0.0989247311827957 0.0446734929631636
14 0.35 0.15800714241899927 0.02043010752688172 0.06770711983504828
35 0.22688172043010751 0.18525815039940166 0.43010752688172044 0.23687813243032502
