34 0.38225806451612904 0.1468511718579003 0.007526881720430108 0.1600641753473223
33 0.3897849462365591 0.3945295888808676 0.08279569892473118 0.034062815389171074
14 0.38010752688172045 0.1637511408071487 0.024731182795698924 0.05971292845949665
34 0.34838709677419355 0.17591567521067505 0.0064516129032258064 0.2181931820528718
34 0.4768817204301075 0.17533462000643169 0.0956989247311828 0.21703107164438507
34 0.3043010752688172 0.19556107214306997 0.004301075268817204 0.08920632205072858
33 0.008602150537634409 0.3941918421398803 0.015053763440860216 0.026444952771012845
34 0.31451612903225806 0.29304653610679154 0.05268817204301075 0.09114410807333388
34 0.23118279569892472 0.1747556219552743 0.1032258064516129 0.2158730755420703
33 0.18225806451612903 0.3919858848768025 0.05053763440860215 0.039150223397301176
34 0.1403225806451613 0.18147474527152532 0.04408602150537634 0.21127277434367256
33 0.110752688172043 0.3862329395604249 0.07741935483870968 0.03427805840819943
34 0.07849462365591398 0.20414842355331728 0.07956989247311828 0.27465867873815625
33 0.44516129032258067 0.39163807393904926 0.012903225806451613 0.04836262850384041
34 0.3618279569892473 0.28515329693152985 0.016129032258064516 0.05834057225725254
14 0.7806451612903226 0.15812726250492434 0.023655913978494623 0.052027865380630305
34 0.7043010752688172 0.2439991042251421 0.02795698924731183 0.10652667142795047
34 0.29838709677419356 0.2269432509309463 0.007526881720430108 0.0782912655487627
34 0.6655913978494624 0.1931356479978074 0.012903225806451613 0.051488401500116444
34 0.9064516129032258 0.2122481945207635 0.08602150537634409 0.18928127210110543
34 0.978494623655914 0.253611393637348 0.030107526881720432 0.06747524164274471
34 0.7505376344086021 0.24313155021018037 0.0064516129032258064 0.036521008398563835
34 0.774731182795699 0.2915490628749371 0.013978494623655914 0.05594471111046487
34 0.5897849462365592 0.19121624479343596 0.06129032258064516 0.2487943212183936
14 0.6596774193548387 0.16137673048267048 0.016129032258064516 0.05496410781054018
33 0.8887096774193548 0.39539326389071916 0.16451612903225807 0.0558730084071802
33 0.7462365591397849 0.3992747810167066 0.01935483870967742 0.03308921434852577
34 0.8021505376344086 0.225937444567285 0.021505376344086023 0.08176584019184868
