8 0.46559139784946235 0.28597820955092934 0.13333333333333333 0.06136740782954452
14 0.13978494623655913 0.16503218201858919 0.025806451612903226 0.06926519827328793
35 0.16129032258064516 0.17535497891394464 0.06881720430107527 0.21707178945941097
25 0.2946236559139785 0.2696430418780733 0.004301075268817204 0.05961770827842907
13 0.21935483870967742 0.18858528439807465 0.017204301075268817 0.16821087008257268
23 0.471505376344086 0.22832203629162082 0.011827956989247311 0.055215135207488567
14 0.28279569892473116 0.15973812731621553 0.023655913978494623 0.05285421045600661
14 0.42634408602150536 0.1578601031032311 0.024731182795698924 0.060730290186735494
35 0.5268817204301075 0.2047558380571449 0.1870967741935484 0.2758735077458115
23 0.567741935483871 0.24569980287629703 0.021505376344086023 0.10511584617791955
14 0.42473118279569894 0.15979727117308645 0.025806451612903226 0.05685595404702474
14 0.10591397849462365 0.15991533747281544 0.02043010752688172 0.0608895032263447
35 0.7967741935483871 0.1818109973020261 0.3913978494623656 0.22998382623557387
35 0.24193548387096775 0.17409444832465687 0.021505376344086023 0.21455072828083546
23 0.8596774193548387 0.23616460235614173 0.00967741935483871 0.05610654425428128
8 0.8543010752688172 0.2887038815258617 0.05698924731182796 0.047619752768274445
35 0.339247311827957 0.1858211153763188 0.01827956989247312 0.23800406238415928
14 0.6854838709677419 0.1607681351424055 0.02903225806451613 0.05491422610838661
8 0.7091397849462365 0.29341633909070425 0.03978494623655914 0.03653590524210335
23 0.7967741935483871 0.2272770646705922 0.004301075268817204 0.08838229431120521
23 0.821505376344086 0.25487732015060416 0.008602150537634409 0.04798061561276214
14 0.8467741935483871 0.16249411841003902 0.024731182795698924 0.06806337750769208
33 0.6166666666666667 0.38132975380946155 0.07849462365591398 0.030633386827942765
23 0.8849462365591397 0.22740289651482953 0.008602150537634409 0.06175417870188894
13 0.9333333333333333 0.17854972006065475 0.017204301075268817 0.2234612717528312
0 0.05591397849462366 0.2961347155899141 0.0064516129032258064 0.03950204413701534
13 0.03225806451612903 0.2723375319633172 0.01935483870967742 0.030004466406028763
35 0.0532258064516129 0.1818109973020261 0.0956989247311828 0.22998382623557387
14 0.011827956989247311 0.16193596852641437 0.023655913978494623 0.06501067818705145
33 0.896236559139785 0.38941283661587295 0.16881720430107527 0.036062868497423475
