34 0.5 0.1908485577327333 1.0 0.2480589470969883
33 0.6575268817204301 0.39430175630834735 0.02043010752688172 0.029783259609821786
33 0.8236559139784946 0.39615922344353727 0.012903225806451613 0.024607585084628212
33 0.6827956989247311 0.3929985474295155 0.01935483870967742 0.022038328038234776
33 0.8569892473118279 0.39578682034062945 0.017204301075268817 0.022402038632369187
33 0.7096774193548387 0.3956434273028795 0.01935483870967742 0.030639784232942616
33 0.7693548387096775 0.3943017562365389 0.01827956989247312 0.01943191042418803
33 0.7924731182795699 0.39862238587350085 0.012903225806451613 0.022782824633958546
33 0.9564516129032258 0.4015772776255146 0.02043010752688172 0.039195788430232886
33 0.986021505376344 0.40403461376794336 0.023655913978494623 0.04411046071509048
33 0.7413978494623656 0.3929985474295155 0.01827956989247312 0.022038328038234776
