33 0.9053763440860215 0.39238464743442114 0.012903225806451613 0.037881175722687656
35 0.8989247311827957 0.2015105390056149 0.02795698924731183 0.2693829096427515
33 0.8268817204301075 0.3846600026975388 0.010752688172043012 0.03141801178421109
14 0.867741935483871 0.15747236399872577 0.01935483870967742 0.056715073401431275
35 0.978494623655914 0.194144113909752 0.03870967741935484 0.2546500594510257
35 0.0467741935483871 0.19020472736361702 0.02043010752688172 0.17890636664443332
33 0.020967741935483872 0.39054339160126345 0.02043010752688172 0.024992409015958946
14 0.023118279569892472 0.16063629569571397 0.02043010752688172 0.06766729985363304
33 0.6075268817204301 0.3938148702430682 0.015053763440860216 0.04074162133998188
14 0.6161290322580645 0.15687272194169152 0.021505376344086023 0.05791435751549975
35 0.6516129032258065 0.2803840564275865 0.008602150537634409 0.096678708365683
35 0.6849462365591398 0.28022254298321864 0.01935483870967742 0.0753929245699678
33 0.6709677419354839 0.3999340248216287 0.03870967741935484 0.04027017946740096
35 0.5876344086021505 0.19504101291200815 0.046236559139784944 0.256443857455538
35 0.8204301075268817 0.20342619967696837 0.012903225806451613 0.27321423098545844
14 0.30752688172043013 0.1581488827271585 0.04086021505376344 0.060466679086433654
35 0.7473118279569892 0.19504101291200815 0.060215053763440864 0.256443857455538
35 0.5182795698924731 0.19325350039204808 0.04946236559139785 0.25286883241561786
35 0.4010752688172043 0.18218410384371914 0.053763440860215055 0.23073003931896
33 0.4806451612903226 0.4046697849940593 0.010752688172043012 0.02574695918755162
33 0.4397849462365591 0.39641539383838625 0.023655913978494623 0.0413680445975487
14 0.4854838709677419 0.15680084262840102 0.016129032258064516 0.052971078955062284
35 0.2693548387096774 0.2523777396164594 0.00967741935483871 0.06783020616002679
35 0.4639784946236559 0.18383128447565947 0.041935483870967745 0.23402440058284063
33 0.3865591397849462 0.39585889511236827 0.02258064516129032 0.030932680366793322
33 0.16451612903225807 0.3982509083275714 0.021505376344086023 0.026148653936387177
8 0.3741935483870968 0.28507905857072946 0.11397849462365592 0.03145416956209183
33 0.1010752688172043 0.39238464743442114 0.030107526881720432 0.037881175722687656
35 0.11935483870967742 0.2053749143475411 0.047311827956989246 0.2771116603266039
33 0.09946236559139784 0.393281389984197 0.03333333333333333 0.030468405781825986
14 0.14623655913978495 0.1605893623591785 0.025806451612903226 0.05814485316745105
14 0.18924731182795698 0.1557989567931174 0.021505376344086023 0.06312381380571923
35 0.21774193548387097 0.2083643364937545 0.06989247311827956 0.28309050461903074
