7 0.9865591397849462 0.2189989284695227 0.026881720430107527 0.05817576851514093
35 0.3865591397849462 0.2117204496166198 0.0032258064516129032 0.06637776488088629
23 0.8887096774193548 0.25784003129199473 0.041935483870967745 0.06106860915967794
7 0.9209677419354839 0.2358416716933683 0.007526881720430108 0.057011177617559174
16 0.8924731182795699 0.14604733589546026 0.023655913978494623 0.15845650342244225
35 0.33440860215053764 0.1840791680258362 0.004301075268817204 0.07030473884247317
14 0.9413978494623656 0.16616828638469175 0.03333333333333333 0.0706150954290224
37 0.3844086021505376 0.258107949612609 0.04408602150537634 0.06768897214736513
7 0.8693548387096774 0.2190902933512724 0.02258064516129032 0.07734793480201402
36 0.2801075268817204 0.19774099077189858 0.013978494623655914 0.15340310855694025
14 0.29623655913978497 0.15474287872866535 0.02258064516129032 0.0513468944432001
35 0.8333333333333334 0.19413540323113299 0.015053763440860216 0.11216541184175939
36 0.023118279569892472 0.21621029225463376 0.01827956989247312 0.14908974452544252
14 0.043548387096774194 0.16003227286861027 0.024731182795698924 0.06550320688221659
14 0.15806451612903225 0.16516163196075032 0.023655913978494623 0.06680849090191143
36 0.18225806451612903 0.18613283781225687 0.016129032258064516 0.23862750725603546
35 0.1736559139784946 0.27484542784341065 0.08064516129032258 0.08691002945745781
33 0.00967741935483871 0.3910346189340726 0.01935483870967742 0.018697449170297503
14 0.5940860215053764 0.16117702210890578 0.03333333333333333 0.07671477354149554
6 0.48333333333333334 0.19672854812875842 0.03978494623655914 0.15315661636786043
37 0.5387096774193548 0.2601046971048205 0.03655913978494624 0.04712104601369904
35 0.4112903225806452 0.17526698040541613 0.007526881720430108 0.09597262195582831
23 0.728494623655914 0.25319068107200815 0.046236559139784944 0.031218160571610313
35 0.3602150537634409 0.21592877031650126 0.004301075268817204 0.05585297845052773
35 0.7193548387096774 0.20723970441315204 0.01935483870967742 0.28084124045782577
33 0.5725806451612904 0.39665432053588756 0.1860215053763441 0.015459412217313733
7 0.7634408602150538 0.23418897716785853 0.004301075268817204 0.05370578856653959
36 0.75 0.17914345142339896 0.007526881720430108 0.08218150822629133
25 0.8344086021505376 0.26640817711006565 0.004301075268817204 0.034514086003208724
33 0.17849462365591398 0.39826414779765773 0.23225806451612904 0.03315650689746771
14 0.7768817204301075 0.16378175377105517 0.02903225806451613 0.06763396757073865
14 0.46021505376344085 0.1696333483112407 0.02795698924731183 0.07933715665110973
0 0.7876344086021505 0.2615451731127657 0.04408602150537634 0.03958139470991192
