35 0.6612903225806451 0.1684187835342866 0.002150537634408602 0.2031993987000949
35 0.45376344086021503 0.16275151816116842 0.023655913978494623 0.19186486795385854
26 0.6709677419354839 0.22851397611629476 0.030107526881720432 0.02480721112321397
26 0.5860215053763441 0.22625991567788106 0.030107526881720432 0.045531718746396076
0 0.5655913978494623 0.25893001812473987 0.047311827956989246 0.02795369872814995
23 0.48978494623655916 0.22597461244251588 0.03333333333333333 0.022276256104454502
26 0.26344086021505375 0.2278770330340952 0.021505376344086023 0.02608109728761312
23 0.3956989247311828 0.24913583743258147 0.03870967741935484 0.07114082087532227
33 0.3629032258064516 0.39560234080017026 0.03978494623655914 0.05403949888120735
26 0.2887096774193548 0.2400160626200463 0.02043010752688172 0.04013311734404832
6 0.19462365591397848 0.19210824835792525 0.015053763440860216 0.10819004320738478
23 0.221505376344086 0.22258006496868793 0.043010752688172046 0.015487161156798563
35 0.6311827956989248 0.1727872952253394 0.002150537634408602 0.21193642208220045
23 0.06290322580645161 0.22199102717464633 0.03118279569892473 0.021918767974762738
35 0.7166666666666667 0.18710413154966124 0.013978494623655914 0.20732691362130742
35 0.9935483870967742 0.154538934035547 0.012903225806451613 0.1754396997026157
23 0.9682795698924731 0.2285526515494889 0.00967741935483871 0.11833976259653184
36 0.8634408602150537 0.21042936552088268 0.015053763440860216 0.11515547804247828
23 0.821505376344086 0.25523827909523156 0.030107526881720432 0.06800615763701987
35 0.796236559139785 0.17803022104899033 0.1086021505376344 0.22242227372950232
36 0.9338709677419355 0.21728462019113956 0.026881720430107527 0.12886598738299204
35 0.8930107526881721 0.1727872952253394 0.04408602150537634 0.21193642208220045
35 0.16129032258064516 0.19407309818983812 0.3225806451612903 0.25450802801119793
