32 0.07903225806451612 0.1884720813020136 0.005376344086021506 0.047012342793593426
33 0.5876344086021505 0.4034364642617885 0.289247311827957 0.05351792358630021
35 0.22634408602150538 0.18276266978113187 0.16021505376344086 0.2318871711937854
32 0.33602150537634407 0.18794621502453035 0.005376344086021506 0.0533411861688117
23 0.42096774193548386 0.2184405832894087 0.01827956989247312 0.15081520776927676
23 0.08978494623655914 0.18890638357204975 0.01827956989247312 0.2072958264783684
14 0.5279569892473118 0.15675487004997474 0.017204301075268817 0.0538121619916321
23 0.4698924731182796 0.25865198480213747 0.05161290322580645 0.08807035338640255
35 0.45483870967741935 0.24497346261318984 0.010752688172043012 0.06335487571822992
32 0.482258064516129 0.18465905865009852 0.005376344086021506 0.046766873419948
35 0.5612903225806452 0.19379736873826287 0.07311827956989247 0.2539565691080474
23 0.556989247311828 0.2552915381239412 0.008602150537634409 0.07072101257977459
35 0.42634408602150536 0.2908527395757642 0.011827956989247311 0.0669749625447261
26 0.22473118279569892 0.26909835645627733 0.023655913978494623 0.04629525440993921
23 0.1596774193548387 0.21312454487801433 0.013978494623655914 0.09137999760848846
33 0.3897849462365591 0.3944410328805473 0.013978494623655914 0.03552706082381789
32 0.7005376344086022 0.18662693731946742 0.005376344086021506 0.05070263075868581
23 0.7801075268817205 0.2235981953166268 0.02258064516129032 0.16594717591559455
23 0.6311827956989248 0.19449185432803906 0.012903225806451613 0.10291774984653741
35 0.7344086021505376 0.20786393301899747 0.012903225806451613 0.28208969766951664
35 0.6408602150537634 0.2039416132989601 0.004301075268817204 0.2742450582294419
35 0.678494623655914 0.18033363567914312 0.03225806451612903 0.22702910298980794
26 0.2623655913978495 0.2716416621050743 0.010752688172043012 0.02855280760334636
23 0.7075268817204301 0.25600114006604974 0.010752688172043012 0.0854102306239497
14 0.6516129032258065 0.1505252400787686 0.017204301075268817 0.04373565170626143
23 0.3370967741935484 0.19238671126476564 0.03118279569892473 0.2049834937729044
35 0.8548387096774194 0.1911697396149003 0.11182795698924732 0.2487013108613223
33 0.8365591397849462 0.40147341918781954 0.021505376344086023 0.04496991147603137
23 0.843010752688172 0.24239413559326467 0.004301075268817204 0.09970369613596458
23 0.8908602150537634 0.2517238999284244 0.005376344086021506 0.13107288994274005
35 0.9591397849462365 0.20687008184930844 0.053763440860215055 0.2801019953301386
35 0.625268817204301 0.1911697396149003 0.0032258064516129032 0.2487013108613223
