35 0.03494623655913978 0.2639915214341477 0.01827956989247312 0.08433208738988597
14 0.5161290322580645 0.15117059363933635 0.017204301075268817 0.039221467520811674
26 0.6419354838709678 0.2568390535513139 0.023655913978494623 0.04307848094181338
5 0.05053763440860215 0.18039462798872738 0.1010752688172043 0.13102999988381997
35 0.6537634408602151 0.20671708182153964 0.05591397849462366 0.279795995274601
6 0.34301075268817205 0.21077983860765434 0.03655913978494624 0.16632796595366547
35 0.3989247311827957 0.2175355511607374 0.02795698924731183 0.10170234704883378
35 0.532258064516129 0.262459063727323 0.025806451612903226 0.06563438439159197
14 0.7612903225806451 0.16217179906466855 0.030107526881720432 0.06517099496989727
35 0.7403225806451613 0.21701670419883243 0.01827956989247312 0.30039524002918655
26 0.7134408602150538 0.2530413227935098 0.02903225806451613 0.055760620422259925
7 0.5666666666666667 0.2324704918436994 0.010752688172043012 0.06692176400793637
35 0.4360215053763441 0.15682111126036258 0.04408602150537634 0.18000405415224685
26 0.2849462365591398 0.23674870316001823 0.030107526881720432 0.03427082586237805
17 0.16720430107526882 0.19725574193593473 0.016129032258064516 0.04471509658578893
26 0.12580645161290321 0.23552859966358805 0.023655913978494623 0.044999007237169715
33 0.20806451612903226 0.3894221094942127 0.013978494623655914 0.040783599541214
23 0.2489247311827957 0.27544131262651933 0.03118279569892473 0.06421184137577596
23 0.7827956989247312 0.23969281072366608 0.008602150537634409 0.05985543644679562
33 0.8102150537634408 0.3908694407376097 0.02258064516129032 0.028793722056318957
7 0.3860215053763441 0.22946446131750353 0.010752688172043012 0.03939873763447055
35 0.8381720430107527 0.19263900104582285 0.054838709677419356 0.23260981863754454
8 0.9876344086021506 0.2858102137556547 0.024731182795698924 0.051897101957247775
35 0.36935483870967745 0.28377719419564934 0.035483870967741936 0.06451967669240032
14 0.9435483870967742 0.1633127327352764 0.03763440860215054 0.07139375420890962
35 0.5645161290322581 0.3004335518390197 0.004301075268817204 0.05915001740258889
23 0.9591397849462365 0.24522849791009899 0.034408602150537634 0.11360122943524902
