35 0.9467741935483871 0.18147854635032026 0.005376344086021506 0.09331476977074574
23 0.5865591397849462 0.23819714421382773 0.011827956989247311 0.0697692346787248
25 0.9951612903225806 0.27121571944930334 0.0032258064516129032 0.0563025404659659
23 0.8166666666666667 0.2428592264796728 0.026881720430107527 0.06942269483658615
23 0.0064516129032258064 0.2613513618863977 0.004301075268817204 0.0664308613014091
23 0.7059139784946237 0.2492587489290009 0.011827956989247311 0.09699915076500501
23 0.6473118279569893 0.24297243302458257 0.017204301075268817 0.0844265189561683
14 0.4806451612903226 0.16442055975514164 0.023655913978494623 0.08034502975221125
35 0.853225806451613 0.1729494654148179 0.011827956989247311 0.21226076246115752
35 0.9225806451612903 0.16055039586912664 0.010752688172043012 0.07026388288282795
23 0.8672043010752688 0.2304592608146984 0.01827956989247312 0.10945286337593665
23 0.5252688172043011 0.23903415266181152 0.046236559139784944 0.11424833062558185
23 0.39301075268817204 0.20538098010097453 0.02903225806451613 0.026962525347519688
33 0.55 0.4026123967775012 0.3258064516129032 0.03414879738359764
35 0.41935483870967744 0.18069293836067069 0.03655913978494624 0.2277477083528631
25 0.41021505376344086 0.27670689209766386 0.016129032258064516 0.04210286442767917
28 0.885483870967742 0.23854977586692525 0.01827956989247312 0.11327957703580933
35 0.9005376344086021 0.1999610940435079 0.005376344086021506 0.218502145476713
23 0.6768817204301075 0.24402901770090857 0.02043010752688172 0.10425860054738777
35 0.7204301075268817 0.1933104607989759 0.010752688172043012 0.18683914795514744
23 0.3387096774193548 0.23589305220590412 0.021505376344086023 0.09551119764234248
35 0.7553763440860215 0.1838077026947571 0.011827956989247311 0.16092219560831536
33 0.946236559139785 0.39685610212106326 0.047311827956989246 0.0456613866964736
23 0.7553763440860215 0.22885673214390684 0.013978494623655914 0.1282536283297021
23 0.22634408602150538 0.24643745538229303 0.016129032258064516 0.08368876150209156
35 0.7833333333333333 0.13061913051585122 0.005376344086021506 0.12760009266322414
23 0.2537634408602151 0.2497916336049437 0.015053763440860216 0.08009924162490131
23 0.16612903225806452 0.2550457138532654 0.016129032258064516 0.08542522091647599
35 0.27204301075268816 0.14284066347948676 0.01935483870967742 0.15204315859049522
23 0.08763440860215053 0.23638233291270644 0.041935483870967745 0.11636891924879157
