33 0.32150537634408605 0.4015553468546596 0.26881720430107525 0.0351465488407724
34 0.49946236559139784 0.17258445081916368 0.9989247311827957 0.21153073326984906
14 0.43870967741935485 0.1612985024260755 0.03225806451612903 0.05759018119233386
23 0.26129032258064516 0.25050581277186307 0.023655913978494623 0.08252940336736711
14 0.3188172043010753 0.15981134821157073 0.024731182795698924 0.05461587276332432
23 0.1978494623655914 0.25613577475403954 0.0064516129032258064 0.10194700097282246
23 0.11774193548387096 0.24442683239965673 0.007526881720430108 0.09468736411177973
23 0.17634408602150536 0.25060242201613614 0.0064516129032258064 0.07244656559275148
23 0.38225806451612904 0.24670936371953067 0.005376344086021506 0.10526085810780088
33 0.6849462365591398 0.4051026526712468 0.07956989247311828 0.04224116047394679
23 0.05053763440860215 0.24854541698671803 0.008602150537634409 0.07656057565158766
23 0.543010752688172 0.2587552148572842 0.004301075268817204 0.06910384892218535
23 0.9720430107526882 0.2502880606573772 0.017204301075268817 0.1084156288755714
23 0.5962365591397849 0.23065665880992192 0.02258064516129032 0.0929992112956202
33 0.8623655913978494 0.3970543040346233 0.16344086021505377 0.05340601832849744
23 0.47043010752688175 0.21729269892033734 0.024731182795698924 0.07805094042958044
23 0.7650537634408602 0.25404321237101457 0.005376344086021506 0.08550456269098235
14 0.6564516129032258 0.1578640049332163 0.024731182795698924 0.052586096457791026
23 0.6655913978494624 0.24920970176997342 0.02795698924731183 0.09012588100576734
23 0.8247311827956989 0.23023784858758733 0.0064516129032258064 0.11563368930285525
