14 0.9521505376344086 0.15881661013110906 0.013978494623655914 0.04398691378272098
33 0.8924731182795699 0.39088272337065416 0.012903225806451613 0.011444405159213637
14 0.8397849462365592 0.15667326648651927 0.012903225806451613 0.05290680545533989
33 0.7333333333333333 0.39297282328896016 0.015053763440860216 0.02119332107106286
14 0.7134408602150538 0.1606833141473657 0.02043010752688172 0.056532778688870806
34 0.8725806451612903 0.1924507906926258 0.25268817204301075 0.2512634130167733
6 0.9870967741935484 0.20011853587219663 0.023655913978494623 0.0842431867450679
14 0.23709677419354838 0.16091892974966815 0.02258064516129032 0.07016333221019792
34 0.1086021505376344 0.16463287383761585 0.18494623655913978 0.1956275793067534
34 0.5145161290322581 0.1808664881755497 0.3279569892473118 0.22809480798262113
14 0.3478494623655914 0.15838412825222803 0.02043010752688172 0.05413246429630469
34 0.7016129032258065 0.17361694658304413 0.024731182795698924 0.21359572479761
14 0.008064516129032258 0.16240453240475042 0.016129032258064516 0.05777512784188265
