23 0.08387096774193549 0.25161994799696447 0.015053763440860216 0.0678834953606676
35 0.04838709677419355 0.19104290513704603 0.0967741935483871 0.24844764190561375
35 0.6983870967741935 0.19637266599303016 0.005376344086021506 0.259107163617582
5 0.4650537634408602 0.1627319121377426 0.02903225806451613 0.08308601337925178
33 0.8161290322580645 0.3899278608189449 0.01935483870967742 0.02421580199588816
23 0.832258064516129 0.24536191210142372 0.043010752688172046 0.10442775100043329
14 0.8338709677419355 0.16282938981235792 0.02903225806451613 0.06514145538451888
14 0.782258064516129 0.15871275225496298 0.024731182795698924 0.05355088520936843
23 0.20161290322580644 0.27135529970320177 0.016129032258064516 0.062325968938880164
14 0.37473118279569895 0.16309089374862085 0.024731182795698924 0.0659027025543798
14 0.23817204301075268 0.15549040307997708 0.026881720430107527 0.05429196517170909
5 0.7489247311827957 0.19632877953313002 0.03978494623655914 0.1484951105547982
23 0.4204301075268817 0.2608495027834442 0.004301075268817204 0.08834409747614001
5 0.4188172043010753 0.1555167959317473 0.01827956989247312 0.05613796513053621
35 0.39086021505376345 0.17916486187823855 0.02258064516129032 0.22469155538799876
33 0.2553763440860215 0.39041154693120816 0.08064516129032258 0.03548436119070458
5 0.35161290322580646 0.1850921880333645 0.017204301075268817 0.11887142792715351
5 0.27903225806451615 0.17560830312637626 0.035483870967741936 0.13547301522805538
35 0.2956989247311828 0.19912562949218823 0.09462365591397849 0.26461309061589816
0 0.2672043010752688 0.3069270727517557 0.05053763440860215 0.03799835010013096
14 0.439247311827957 0.15404607426931907 0.02258064516129032 0.049608863758655065
5 0.8370967741935483 0.20175819715353605 0.007526881720430108 0.04392593488711536
23 0.7698924731182796 0.26111427861366127 0.004301075268817204 0.09286590940149202
7 0.5559139784946237 0.1997401629944403 0.0064516129032258064 0.039889866568923904
23 0.671505376344086 0.2791088456804754 0.03763440860215054 0.01763810404242965
14 0.625268817204301 0.1667265416383689 0.024731182795698924 0.06056633004298798
33 0.6091397849462366 0.3941956820065944 0.01827956989247312 0.01855032476062546
35 0.6279569892473118 0.1761903899307687 0.11827956989247312 0.2187426114930591
23 0.5650537634408602 0.260346649547463 0.013978494623655914 0.05279191246704692
14 0.5413978494623656 0.15888858248520527 0.02903225806451613 0.06467351317145746
14 0.703763440860215 0.1569445291940977 0.02903225806451613 0.058993431655237016
5 0.5795698924731183 0.15644040219484667 0.025806451612903226 0.05619196340144823
33 0.7021505376344086 0.3946038277284541 0.01935483870967742 0.02296966579797767
35 0.9758064516129032 0.18840364417306862 0.026881720430107527 0.12907199930511304
35 0.4989247311827957 0.1582683149673252 0.04086021505376344 0.18289846156617212
35 0.16989247311827957 0.1852931295076815 0.11182795698924732 0.23694809064688474
33 0.4935483870967742 0.4001488286703943 0.021505376344086023 0.02995289425779212
0 0.921505376344086 0.16346100992734597 0.012903225806451613 0.11647666417722137
5 0.9456989247311828 0.18270281856926085 0.03333333333333333 0.1087167961502766
5 0.8704301075268818 0.18858267955844524 0.04408602150537634 0.12226973238393206
0 0.9693548387096774 0.2921477720954035 0.011827956989247311 0.0869977095563725
14 0.9876344086021506 0.15739283275791938 0.024731182795698924 0.058096824527593675
23 0.9021505376344086 0.23492489910482384 0.017204301075268817 0.07583038488992187
