33 0.13279569892473117 0.39235678894434906 0.02258064516129032 0.03641883681376588
33 0.8908602150537634 0.38596155846709945 0.024731182795698924 0.038300779014716
35 0.8951612903225806 0.20398280879678946 0.04408602150537634 0.2743274492251006
33 0.693010752688172 0.3950205404357782 0.02043010752688172 0.02018281507735838
33 0.8591397849462366 0.3906923708429967 0.021505376344086023 0.036070114090803435
14 0.896774193548387 0.15994062760435146 0.021505376344086023 0.055104843309050335
33 0.49838709677419357 0.39924167720776527 0.01827956989247312 0.018971501361266286
33 0.3763440860215054 0.3912794619682502 0.01935483870967742 0.03126017221549992
33 0.4080645161290323 0.39038066191747883 0.02043010752688172 0.029462572113957183
33 0.43870967741935485 0.391137784002014 0.021505376344086023 0.02794832794488689
33 0.4639784946236559 0.3845327899135203 0.00967741935483871 0.02375095223185073
33 0.31666666666666665 0.3924621551036107 0.02043010752688172 0.018226181121031276
35 0.5870967741935483 0.19075024116261471 0.14623655913978495 0.24786231395675115
33 0.3478494623655914 0.3899531724018529 0.024731182795698924 0.03754851097309093
14 0.5118279569892473 0.15912809406477454 0.01935483870967742 0.0550567228771505
35 0.9709677419354839 0.19363563590370914 0.05806451612903226 0.25363310343893997
33 0.5284946236559139 0.3950205404357782 0.02258064516129032 0.02018281507735838
33 0.9274193548387096 0.38831074622154815 0.024731182795698924 0.037197603708904
35 0.01827956989247312 0.18681302821341586 0.03655913978494624 0.23998788805835344
35 0.30268817204301074 0.19247376904204938 0.3967741935483871 0.25130936971562046
33 0.828494623655914 0.39344736500807814 0.02043010752688172 0.02332916593275858
33 0.00967741935483871 0.3943461650954493 0.01935483870967742 0.037393578469898076
33 0.09838709677419355 0.3886123107623133 0.011827956989247311 0.025925869803626083
35 0.771505376344086 0.19018070085571376 0.17311827956989248 0.24672323334294924
33 0.07150537634408602 0.3887407032831305 0.01827956989247312 0.029186665491328704
35 0.07903225806451612 0.19075024116261471 0.02258064516129032 0.24786231395675115
14 0.10376344086021505 0.15660737690085674 0.016129032258064516 0.0484383419020609
33 0.04086021505376344 0.3902488280291827 0.01935483870967742 0.02617041599922429
