0 0.8774193548387097 0.23650933551959177 0.023655913978494623 0.11367627310923209
33 0.8387096774193549 0.3976531575156139 0.021505376344086023 0.029350444089042072
34 0.08978494623655914 0.1929924345439096 0.17956989247311828 0.2523467007193409
34 0.6005376344086022 0.1951486566860363 0.035483870967741936 0.25665914500359427
33 0.9220430107526881 0.3962304199673969 0.02043010752688172 0.018712984580693037
34 0.35913978494623655 0.1929924345439096 0.06236559139784946 0.2523467007193409
33 0.7580645161290323 0.4036152307318708 0.01935483870967742 0.04127459052155579
6 0.5580645161290323 0.20261780757472272 0.034408602150537634 0.19459984349941314
34 0.43548387096774194 0.1887846013496271 0.08387096774193549 0.24393103433077587
33 0.4274193548387097 0.4026569381376023 0.1043010752688172 0.04319117571009275
33 0.031720430107526884 0.3953903022453637 0.06344086021505377 0.024824733548541644
34 0.20913978494623656 0.2561872723564478 0.02903225806451613 0.09280006897375821
33 0.5634408602150538 0.40017179505674483 0.07956989247311828 0.0531637248242658
33 0.6537634408602151 0.3938790276739267 0.07096774193548387 0.036898703772416594
