23 0.9150537634408602 0.5 0.017204301075268817 1.0
23 0.7204301075268817 0.5 0.023655913978494623 1.0
9 0.8908602150537634 0.5 0.1881720430107527 1.0
0 0.9602150537634409 0.5 0.023655913978494623 1.0
23 0.5806451612903226 0.5 0.030107526881720432 1.0
14 0.7451612903225806 0.5 0.021505376344086023 1.0
14 0.6317204301075269 0.5 0.02258064516129032 1.0
23 0.6532258064516129 0.5 0.007526881720430108 1.0
23 0.9736559139784946 0.5 0.024731182795698924 1.0
9 0.1043010752688172 0.5 0.20430107526881722 1.0
14 0.510752688172043 0.5 0.021505376344086023 1.0
14 0.07311827956989247 0.5 0.021505376344086023 1.0
14 0.460752688172043 0.5 0.02043010752688172 1.0
14 0.16129032258064516 0.5 0.025806451612903226 1.0
9 0.5134408602150538 0.5 0.35161290322580646 1.0
23 0.7897849462365591 0.5 0.02043010752688172 1.0
0 0.39301075268817204 0.5 0.005376344086021506 1.0
14 0.3204301075268817 0.5 0.023655913978494623 1.0
5 0.2489247311827957 0.5 0.046236559139784944 1.0
0 0.2978494623655914 0.5 0.004301075268817204 1.0
23 0.8483870967741935 0.5 0.012903225806451613 1.0
