23 0.48870967741935484 0.5 0.011827956989247311 1.0
9 0.5811827956989247 0.5 0.13870967741935483 1.0
23 0.5295698924731183 0.5 0.011827956989247311 1.0
23 0.5951612903225807 0.5 0.011827956989247311 1.0
23 0.617741935483871 0.5 0.011827956989247311 1.0
23 0.0521505376344086 0.5 0.005376344086021506 1.0
23 0.6844086021505377 0.5 0.007526881720430108 1.0
23 0.932258064516129 0.5 0.015053763440860216 1.0
14 0.7505376344086021 0.5 0.025806451612903226 1.0
14 0.014516129032258065 0.5 0.02903225806451613 1.0
14 0.9897849462365591 0.5 0.01827956989247312 1.0
0 0.6741935483870968 0.5 0.010752688172043012 1.0
26 0.9666666666666667 0.5 0.030107526881720432 1.0
23 0.6645161290322581 0.5 0.015053763440860216 1.0
9 0.9080645161290323 0.5 0.16451612903225807 1.0
14 0.37311827956989246 0.5 0.02795698924731183 1.0
14 0.49408602150537634 0.5 0.02903225806451613 1.0
23 0.7456989247311828 0.5 0.016129032258064516 1.0
23 0.210752688172043 0.5 0.017204301075268817 1.0
14 0.2575268817204301 0.5 0.02043010752688172 1.0
5 0.37311827956989246 0.5 0.1913978494623656 1.0
9 0.2532258064516129 0.5 0.04408602150537634 1.0
23 0.5629032258064516 0.5 0.02043010752688172 1.0
14 0.20591397849462365 0.5 0.02903225806451613 1.0
26 0.1817204301075269 0.5 0.02795698924731183 1.0
14 0.1489247311827957 0.5 0.013978494623655914 1.0
23 0.12096774193548387 0.5 0.02258064516129032 1.0
26 0.3655913978494624 0.5 0.023655913978494623 1.0
23 0.28118279569892474 0.5 0.00967741935483871 1.0
