0 0.2478494623655914 0.5 0.024731182795698924 1.0
6 0.16774193548387098 0.5 0.07956989247311828 1.0
0 0.06505376344086021 0.5 0.12580645161290321 1.0
8 0.3827956989247312 0.5 0.05806451612903226 1.0
0 0.5370967741935484 0.5 0.1086021505376344 1.0
0 0.29838709677419356 0.5 0.026881720430107527 1.0
0 0.38064516129032255 0.5 0.02795698924731183 1.0
0 0.3365591397849462 0.5 0.03655913978494624 1.0
0 0.8693548387096774 0.5 0.07419354838709677 1.0
0 0.4338709677419355 0.5 0.03118279569892473 1.0
0 0.7526881720430108 0.5 0.03655913978494624 1.0
0 0.7064516129032258 0.5 0.015053763440860216 1.0
0 0.6150537634408603 0.5 0.043010752688172046 1.0
6 0.46021505376344085 0.5 0.034408602150537634 1.0
6 0.6602150537634408 0.5 0.030107526881720432 1.0
0 0.7365591397849462 0.5 0.03225806451612903 1.0
0 0.95 0.5 0.05913978494623656 1.0
0 0.6881720430107527 0.5 0.021505376344086023 1.0
