19 0.9962365591397849 0.5 0.007526881720430108 1.0
19 0.7661290322580645 0.5 0.01827956989247312 1.0
19 0.8043010752688172 0.5 0.03225806451612903 1.0
19 0.625268817204301 0.5 0.00967741935483871 1.0
36 0.5731182795698925 0.5 0.015053763440860216 1.0
19 0.6833333333333333 0.5 0.10215053763440861 1.0
19 0.9338709677419355 0.5 0.035483870967741936 1.0
19 0.31129032258064515 0.5 0.03333333333333333 1.0
19 0.36612903225806454 0.5 0.007526881720430108 1.0
19 0.26021505376344084 0.5 0.010752688172043012 1.0
19 0.2349462365591398 0.5 0.02043010752688172 1.0
19 0.4053763440860215 0.5 0.05591397849462366 1.0
19 0.5360215053763441 0.5 0.05913978494623656 1.0
19 0.13870967741935483 0.5 0.023655913978494623 1.0
