12 0.9478494623655914 0.5 0.013978494623655914 1.0
12 0.8096774193548387 0.5 0.025806451612903226 1.0
5 0.7473118279569892 0.5 0.034408602150537634 1.0
12 0.6817204301075269 0.5 0.03225806451612903 1.0
5 0.6053763440860215 0.5 0.1053763440860215 1.0
12 0.2817204301075269 0.5 0.03655913978494624 1.0
12 0.5419354838709678 0.5 0.021505376344086023 1.0
0 0.8327956989247312 0.5 0.01827956989247312 1.0
12 0.01989247311827957 0.5 0.01827956989247312 1.0
12 0.44408602150537635 0.5 0.023655913978494623 1.0
12 0.1924731182795699 0.5 0.012903225806451613 1.0
0 0.3580645161290323 0.5 0.025806451612903226 1.0
