30 0.3564516129032258 0.5 0.0032258064516129032 1.0
0 0.717741935483871 0.5 0.011827956989247311 1.0
0 0.8768817204301075 0.5 0.00967741935483871 1.0
0 0.6279569892473118 0.5 0.0064516129032258064 1.0
0 0.1913978494623656 0.5 0.04516129032258064 1.0
0 0.5774193548387097 0.5 0.0064516129032258064 1.0
30 0.38548387096774195 0.5 0.005376344086021506 1.0
0 0.24838709677419354 0.5 0.010752688172043012 1.0
0 0.38548387096774195 0.5 0.3021505376344086 1.0
30 0.22473118279569892 0.5 0.0064516129032258064 1.0
31 0.2 0.5 0.1956989247311828 1.0
0 0.09032258064516129 0.5 0.06451612903225806 1.0
0 0.010752688172043012 0.5 0.012903225806451613 1.0
30 0.15053763440860216 0.5 0.015053763440860216 1.0
31 0.8102150537634408 0.5 0.110752688172043 1.0
