5 0.4381720430107527 0.5 0.110752688172043 1.0
31 0.5741935483870968 0.5 0.015053763440860216 1.0
31 0.9091397849462366 0.5 0.046236559139784944 1.0
31 0.5096774193548387 0.5 0.002150537634408602 1.0
31 0.8102150537634408 0.5 0.0032258064516129032 1.0
14 0.5279569892473118 0.5 0.012903225806451613 1.0
31 0.6419354838709678 0.5 0.030107526881720432 1.0
5 0.1639784946236559 0.5 0.29354838709677417 1.0
31 0.44086021505376344 0.5 0.03655913978494624 1.0
14 0.9731182795698925 0.5 0.02795698924731183 1.0
5 0.5446236559139785 0.5 0.01827956989247312 1.0
31 0.3010752688172043 0.5 0.15053763440860216 1.0
14 0.09193548387096774 0.5 0.016129032258064516 1.0
5 0.6198924731182796 0.5 0.07204301075268817 1.0
