0 0.6989247311827957 0.5 0.060215053763440864 1.0
31 0.9327956989247311 0.5 0.06344086021505377 1.0
28 0.871505376344086 0.5 0.01827956989247312 1.0
34 0.7456989247311828 0.5 0.03118279569892473 1.0
34 0.1043010752688172 0.5 0.015053763440860216 1.0
0 0.2053763440860215 0.5 0.35698924731182796 1.0
29 0.1424731182795699 0.5 0.0032258064516129032 1.0
0 0.4752688172043011 0.5 0.05161290322580645 1.0
0 0.5327956989247312 0.5 0.14731182795698924 1.0
34 0.4956989247311828 0.5 0.0064516129032258064 1.0
0 0.2763440860215054 0.5 0.02795698924731183 1.0
29 0.65 0.5 0.0032258064516129032 1.0
29 0.17473118279569894 0.5 0.0032258064516129032 1.0
0 0.8758064516129033 0.5 0.0935483870967742 1.0
0 0.5752688172043011 0.5 0.08172043010752689 1.0
29 0.4553763440860215 0.5 0.04838709677419355 1.0
