0 0.8833333333333333 0.5 0.001075268817204301 1.0
0 0.85 0.5 0.02258064516129032 1.0
5 0.6801075268817204 0.5 0.13440860215053763 1.0
34 0.5935483870967742 0.5 0.03655913978494624 1.0
5 0.5580645161290323 0.5 0.07741935483870968 1.0
9 0.13279569892473117 0.5 0.011827956989247311 1.0
5 0.04247311827956989 0.5 0.001075268817204301 1.0
5 0.024193548387096774 0.5 0.0032258064516129032 1.0
5 0.15645161290322582 0.5 0.001075268817204301 1.0
5 0.3467741935483871 0.5 0.267741935483871 1.0
5 0.17688172043010753 0.5 0.00967741935483871 1.0
