9 0.08870967741935484 0.5 0.016129032258064516 1.0
0 0.14301075268817204 0.5 0.025806451612903226 1.0
34 0.9467741935483871 0.5 0.06559139784946237 1.0
0 0.9349462365591398 0.5 0.00967741935483871 1.0
0 0.7870967741935484 0.5 0.008602150537634409 1.0
34 0.5806451612903226 0.5 0.03870967741935484 1.0
34 0.7580645161290323 0.5 0.012903225806451613 1.0
0 0.6516129032258065 0.5 0.008602150537634409 1.0
0 0.06666666666666667 0.5 0.004301075268817204 1.0
0 0.9849462365591398 0.5 0.008602150537634409 1.0
9 0.03763440860215054 0.5 0.04516129032258064 1.0
