4 0.5231182795698924 0.21509823255318572 0.024731182795698924 0.09696688054164529
4 0.39838709677419354 0.2279583765612342 0.03763440860215054 0.09678405097637124
4 0.47580645161290325 0.22378929301086173 0.00967741935483871 0.07903466163206714
4 0.556989247311828 0.22400179106555226 0.034408602150537634 0.128788293868811
4 0.4967741935483871 0.22429317400237786 0.01935483870967742 0.08798517643611012
4 0.20806451612903226 0.2127888987772319 0.02903225806451613 0.12182622837507427
4 0.2435483870967742 0.21611417030730867 0.02903225806451613 0.11195568322163733
4 0.12311827956989248 0.23205018725309584 0.01827956989247312 0.09240629434336416
4 0.5897849462365592 0.22675135242032204 0.02258064516129032 0.10683111275414825
4 0.15645161290322582 0.20879126513696664 0.02258064516129032 0.07401133014222011
4 0.4521505376344086 0.21875082699013537 0.024731182795698924 0.08861081202971167
4 0.6811827956989247 0.2275658569205952 0.01827956989247312 0.10905105725039616
4 0.9198924731182796 0.21104486124588465 0.024731182795698924 0.07346934719914225
0 0.016666666666666666 0.22513287269504736 0.03333333333333333 0.11339767058724279
4 0.6204301075268818 0.2196634576466577 0.021505376344086023 0.1050339875006566
4 0.6564516129032258 0.22734917121131762 0.02258064516129032 0.10180832642692063
4 0.9456989247311828 0.23128896032265647 0.016129032258064516 0.12519049074526084
4 0.9817204301075269 0.21001063511517123 0.03655913978494624 0.08879562186207487
4 0.7134408602150538 0.19657680905547342 0.035483870967741936 0.08028799127830542
4 0.339247311827957 0.21142743292645044 0.05698924731182796 0.12245360158878739
22 0.09516129032258064 0.20936879229209035 0.04838709677419355 0.07206599249768486
4 0.8188172043010753 0.19482105168667116 0.16451612903225807 0.09678405100331773
