2 0.40483870967741936 0.15481061399303264 0.005376344086021506 0.03818108807465617
2 0.015053763440860216 0.14253616391693777 0.012903225806451613 0.03995210965313943
0 0.5 0.22581579635502746 1.0 0.11808946646191765
2 0.18387096774193548 0.1489884938971913 0.002150537634408602 0.05389383099844022
2 0.2129032258064516 0.1446115568204149 0.002150537634408602 0.017782973729420674
2 0.22903225806451613 0.14359167368470943 0.002150537634408602 0.03332031215227331
2 0.2591397849462366 0.1446115568204149 0.002150537634408602 0.017782973729420674
2 0.603225806451613 0.144920606471594 0.002150537634408602 0.022581884074142213
2 0.31666666666666665 0.15351731712058841 0.03763440860215054 0.029256629114963986
2 0.7225806451612903 0.14935563248955752 0.012903225806451613 0.02881588096708083
2 0.8473118279569892 0.1558776093176468 0.002150537634408602 0.04285361809116817
2 0.9016129032258065 0.15156451892457337 0.005376344086021506 0.04926600263200116
2 0.1956989247311828 0.1624437023075043 0.002150537634408602 0.040981574100578066
0 0.9672043010752688 0.1691278376620501 0.00967741935483871 0.03162260496217036
2 0.16774193548387098 0.1526601486895902 0.008602150537634409 0.047074743101967464
2 0.5478494623655914 0.156951225701114 0.005376344086021506 0.02475262083519662
