31 0.5725806451612904 0.2065350676165648 0.026881720430107527 0.08861716108535922
31 0.9532258064516129 0.21342931917022667 0.02903225806451613 0.12281340178342137
31 0.013978494623655914 0.2014180121725616 0.017204301075268817 0.08202756581821476
31 0.7354838709677419 0.20410870727130764 0.02795698924731183 0.08341757125785605
31 0.17419354838709677 0.19514542819976252 0.01935483870967742 0.07186556830007547
31 0.6456989247311828 0.19915566284235287 0.02258064516129032 0.06421153618666879
31 0.4774193548387097 0.20184049957329314 0.023655913978494623 0.06779023411611712
31 0.8494623655913979 0.21199165426465516 0.025806451612903226 0.11079828963908792
31 0.36451612903225805 0.1993282529395332 0.017204301075268817 0.07363206839205146
31 0.2779569892473118 0.20398459528600021 0.03333333333333333 0.07572981052709166
31 0.08494623655913978 0.1949784674416059 0.025806451612903226 0.06257515418183512
