31 0.736021505376344 0.14255488043215042 0.005376344086021506 0.045666418608293825
31 0.7317204301075269 0.2046922155619591 0.01827956989247312 0.07300853743567101
31 0.6612903225806451 0.1578573036607111 0.004301075268817204 0.04843009435459965
31 0.6672043010752688 0.22116941503858067 0.03333333333333333 0.09924594067879054
31 0.5736559139784946 0.1593686764689613 0.007526881720430108 0.042882781107016495
31 0.5833333333333334 0.19753938682505998 0.01827956989247312 0.07541510053507577
31 0.5419354838709678 0.14702449033576023 0.002150537634408602 0.04618573944452218
31 0.21881720430107526 0.20228787079886087 0.02258064516129032 0.07699630309701506
31 0.8387096774193549 0.15473315552955588 0.002150537634408602 0.029188761178312855
31 0.6231182795698925 0.14705942009085696 0.005376344086021506 0.0463922279779049
31 0.8043010752688172 0.19418090803511664 0.017204301075268817 0.054262026572196385
31 0.3580645161290323 0.19266545373646102 0.025806451612903226 0.05987845228844152
31 0.5145161290322581 0.20748025015854435 0.02903225806451613 0.08568659542874298
31 0.9225806451612903 0.14662345608404898 0.0064516129032258064 0.054681666282585736
31 0.432258064516129 0.20418031087954153 0.017204301075268817 0.06112549715935337
31 0.8731182795698925 0.21624878794327781 0.030107526881720432 0.10499897286803149
31 0.28279569892473116 0.192589138307457 0.023655913978494623 0.08136661848278338
31 0.14946236559139786 0.19723391581882563 0.01935483870967742 0.06139800022554044
31 0.08172043010752689 0.18522079136201589 0.023655913978494623 0.08163659645380192
31 0.011827956989247311 0.19482882146969538 0.023655913978494623 0.07593422925044369
31 0.9591397849462365 0.20682326329803316 0.02795698924731183 0.07831395604256226
