7 0.14838709677419354 0.5 0.010752688172043012 1.0
10 0.9150537634408602 0.5 0.023655913978494623 1.0
10 0.8526881720430107 0.5 0.02795698924731183 1.0
10 0.38548387096774195 0.5 0.02043010752688172 1.0
10 0.6758064516129032 0.5 0.03978494623655914 1.0
10 0.5876344086021505 0.5 0.02258064516129032 1.0
10 0.7688172043010753 0.5 0.021505376344086023 1.0
10 0.9930107526881721 0.5 0.013978494623655914 1.0
19 0.4962365591397849 0.5 0.03333333333333333 1.0
10 0.2021505376344086 0.5 0.017204301075268817 1.0
11 0.2967741935483871 0.5 0.021505376344086023 1.0
10 0.4543010752688172 0.5 0.01827956989247312 1.0
