19 0.2129032258064516 0.20010527406349365 0.010752688172043012 0.05596529039690489
13 0.1064516129032258 0.2439350565089254 0.017204301075268817 0.05843587704163267
13 0.6903225806451613 0.2275352877017647 0.008602150537634409 0.028568041544078764
13 0.19731182795698926 0.24530724483567576 0.01827956989247312 0.06411195581190086
19 0.5252688172043011 0.20106867887207103 0.03333333333333333 0.06614778823888179
13 0.3510752688172043 0.22770786217094577 0.02043010752688172 0.08754996531079527
19 0.30268817204301074 0.20108182844144976 0.02258064516129032 0.05100746038505515
13 0.22043010752688172 0.20999394713852867 0.0064516129032258064 0.11799616066130908
13 0.004301075268817204 0.21167869298798175 0.008602150537634409 0.12540560690700764
19 0.41935483870967744 0.1992433157791995 0.02795698924731183 0.06524019189432277
13 0.21021505376344085 0.2516218375334449 0.007526881720430108 0.05371656285810309
