19 0.4172043010752688 0.19696739233376825 0.12258064516129032 0.0793185790773036
19 0.0032258064516129032 0.2084684548568072 0.0064516129032258064 0.0698733796084529
19 0.07741935483870968 0.2008146718095649 0.021505376344086023 0.05460259842987108
19 0.967741935483871 0.19750077972907543 0.06451612903225806 0.08207537254575205
19 0.15698924731182795 0.19644698448509462 0.08172043010752689 0.08610058294336023
19 0.6075268817204301 0.1989376437945586 0.05161290322580645 0.08111926432443223
19 0.6602150537634408 0.20102283846719277 0.05161290322580645 0.06360621124335131
13 0.7150537634408602 0.23946166957039658 0.008602150537634409 0.07218370523214722
13 0.5763440860215053 0.26430394592056083 0.010752688172043012 0.04383634350219834
19 0.8172043010752689 0.20188025759196723 0.07096774193548387 0.06703327806124955
19 0.2709677419354839 0.19931311641257618 0.025806451612903226 0.07653696874725369
