23 0.8349462365591398 0.5 0.02043010752688172 1.0
14 0.5188172043010753 0.5 0.02043010752688172 1.0
23 0.9413978494623656 0.5 0.026881720430107527 1.0
35 0.5 0.5 1.0 1.0
23 0.014516129032258065 0.5 0.00967741935483871 1.0
23 0.09247311827956989 0.5 0.023655913978494623 1.0
23 0.15591397849462366 0.5 0.017204301075268817 1.0
23 0.603763440860215 0.5 0.013978494623655914 1.0
14 0.6698924731182796 0.5 0.01935483870967742 1.0
0 0.7456989247311828 0.5 0.013978494623655914 1.0
0 0.7833333333333333 0.5 0.013978494623655914 1.0
23 0.5236559139784946 0.5 0.015053763440860216 1.0
14 0.4575268817204301 0.5 0.01827956989247312 1.0
0 0.603763440860215 0.5 0.03978494623655914 1.0
23 0.8897849462365591 0.5 0.024731182795698924 1.0
26 0.5768817204301075 0.5 0.01827956989247312 1.0
