35 0.03494623655913978 0.5 0.01827956989247312 1.0
14 0.5161290322580645 0.5 0.017204301075268817 1.0
26 0.6419354838709678 0.5 0.023655913978494623 1.0
5 0.05053763440860215 0.5 0.1010752688172043 1.0
35 0.6537634408602151 0.5 0.05591397849462366 1.0
6 0.34301075268817205 0.5 0.03655913978494624 1.0
35 0.3989247311827957 0.5 0.02795698924731183 1.0
35 0.532258064516129 0.5 0.025806451612903226 1.0
14 0.7612903225806451 0.5 0.030107526881720432 1.0
35 0.7403225806451613 0.5 0.01827956989247312 1.0
26 0.7134408602150538 0.5 0.02903225806451613 1.0
7 0.5666666666666667 0.5 0.010752688172043012 1.0
35 0.4360215053763441 0.5 0.04408602150537634 1.0
26 0.2849462365591398 0.5 0.030107526881720432 1.0
17 0.16720430107526882 0.5 0.016129032258064516 1.0
26 0.12580645161290321 0.5 0.023655913978494623 1.0
33 0.20806451612903226 0.5 0.013978494623655914 1.0
23 0.2489247311827957 0.5 0.03118279569892473 1.0
23 0.7827956989247312 0.5 0.008602150537634409 1.0
33 0.8102150537634408 0.5 0.02258064516129032 1.0
7 0.3860215053763441 0.5 0.010752688172043012 1.0
35 0.8381720430107527 0.5 0.054838709677419356 1.0
8 0.9876344086021506 0.5 0.024731182795698924 1.0
35 0.36935483870967745 0.5 0.035483870967741936 1.0
14 0.9435483870967742 0.5 0.03763440860215054 1.0
35 0.5645161290322581 0.5 0.004301075268817204 1.0
23 0.9591397849462365 0.5 0.034408602150537634 1.0
