33 0.9053763440860215 0.5 0.012903225806451613 1.0
35 0.8989247311827957 0.5 0.02795698924731183 1.0
33 0.8268817204301075 0.5 0.010752688172043012 1.0
14 0.867741935483871 0.5 0.01935483870967742 1.0
35 0.978494623655914 0.5 0.03870967741935484 1.0
35 0.0467741935483871 0.5 0.02043010752688172 1.0
33 0.020967741935483872 0.5 0.02043010752688172 1.0
14 0.023118279569892472 0.5 0.02043010752688172 1.0
33 0.6075268817204301 0.5 0.015053763440860216 1.0
14 0.6161290322580645 0.5 0.021505376344086023 1.0
35 0.6516129032258065 0.5 0.008602150537634409 1.0
35 0.6849462365591398 0.5 0.01935483870967742 1.0
33 0.6709677419354839 0.5 0.03870967741935484 1.0
35 0.5876344086021505 0.5 0.046236559139784944 1.0
35 0.8204301075268817 0.5 0.012903225806451613 1.0
14 0.30752688172043013 0.5 0.04086021505376344 1.0
35 0.7473118279569892 0.5 0.060215053763440864 1.0
35 0.5182795698924731 0.5 0.04946236559139785 1.0
35 0.4010752688172043 0.5 0.053763440860215055 1.0
33 0.4806451612903226 0.5 0.010752688172043012 1.0
33 0.4397849462365591 0.5 0.023655913978494623 1.0
14 0.4854838709677419 0.5 0.016129032258064516 1.0
35 0.2693548387096774 0.5 0.00967741935483871 1.0
35 0.4639784946236559 0.5 0.041935483870967745 1.0
33 0.3865591397849462 0.5 0.02258064516129032 1.0
33 0.16451612903225807 0.5 0.021505376344086023 1.0
8 0.3741935483870968 0.5 0.11397849462365592 1.0
33 0.1010752688172043 0.5 0.030107526881720432 1.0
35 0.11935483870967742 0.5 0.047311827956989246 1.0
33 0.09946236559139784 0.5 0.03333333333333333 1.0
14 0.14623655913978495 0.5 0.025806451612903226 1.0
14 0.18924731182795698 0.5 0.021505376344086023 1.0
35 0.21774193548387097 0.5 0.06989247311827956 1.0
