33 0.6451612903225806 0.5 0.24301075268817204 1.0
23 0.6586021505376344 0.5 0.00967741935483871 1.0
14 0.7978494623655914 0.5 0.023655913978494623 1.0
23 0.7494623655913979 0.5 0.017204301075268817 1.0
35 0.5360215053763441 0.5 0.08924731182795699 1.0
23 0.6231182795698925 0.5 0.016129032258064516 1.0
35 0.6553763440860215 0.5 0.03763440860215054 1.0
35 0.7209677419354839 0.5 0.01827956989247312 1.0
23 0.7731182795698924 0.5 0.021505376344086023 1.0
33 0.023655913978494623 0.5 0.021505376344086023 1.0
23 0.843010752688172 0.5 0.008602150537634409 1.0
23 0.55 0.5 0.08494623655913978 1.0
23 0.8849462365591397 0.5 0.017204301075268817 1.0
14 0.9387096774193548 0.5 0.030107526881720432 1.0
23 0.45483870967741935 0.5 0.023655913978494623 1.0
35 0.9865591397849462 0.5 0.02043010752688172 1.0
35 0.9075268817204301 0.5 0.021505376344086023 1.0
35 0.13010752688172042 0.5 0.1956989247311828 1.0
23 0.0467741935483871 0.5 0.013978494623655914 1.0
33 0.07741935483870968 0.5 0.021505376344086023 1.0
33 0.15913978494623657 0.5 0.07526881720430108 1.0
35 0.8419354838709677 0.5 0.06451612903225806 1.0
23 0.9403225806451613 0.5 0.03118279569892473 1.0
35 0.34838709677419355 0.5 0.1956989247311828 1.0
