34 0.38225806451612904 0.5 0.007526881720430108 1.0
33 0.3897849462365591 0.5 0.08279569892473118 1.0
14 0.38010752688172045 0.5 0.024731182795698924 1.0
34 0.34838709677419355 0.5 0.0064516129032258064 1.0
34 0.4768817204301075 0.5 0.0956989247311828 1.0
34 0.3043010752688172 0.5 0.004301075268817204 1.0
33 0.008602150537634409 0.5 0.015053763440860216 1.0
34 0.31451612903225806 0.5 0.05268817204301075 1.0
34 0.23118279569892472 0.5 0.1032258064516129 1.0
33 0.18225806451612903 0.5 0.05053763440860215 1.0
34 0.1403225806451613 0.5 0.04408602150537634 1.0
33 0.110752688172043 0.5 0.07741935483870968 1.0
34 0.07849462365591398 0.5 0.07956989247311828 1.0
33 0.44516129032258067 0.5 0.012903225806451613 1.0
34 0.3618279569892473 0.5 0.016129032258064516 1.0
14 0.7806451612903226 0.5 0.023655913978494623 1.0
34 0.7043010752688172 0.5 0.02795698924731183 1.0
34 0.29838709677419356 0.5 0.007526881720430108 1.0
34 0.6655913978494624 0.5 0.012903225806451613 1.0
34 0.9064516129032258 0.5 0.08602150537634409 1.0
34 0.978494623655914 0.5 0.030107526881720432 1.0
34 0.7505376344086021 0.5 0.0064516129032258064 1.0
34 0.774731182795699 0.5 0.013978494623655914 1.0
34 0.5897849462365592 0.5 0.06129032258064516 1.0
14 0.6596774193548387 0.5 0.016129032258064516 1.0
33 0.8887096774193548 0.5 0.16451612903225807 1.0
33 0.7462365591397849 0.5 0.01935483870967742 1.0
34 0.8021505376344086 0.5 0.021505376344086023 1.0
