34 0.9758064516129032 0.5 0.011827956989247311 1.0
25 0.8634408602150537 0.5 0.030107526881720432 1.0
34 0.8478494623655914 0.5 0.011827956989247311 1.0
0 0.8344086021505376 0.5 0.012903225806451613 1.0
14 0.8301075268817204 0.5 0.017204301075268817 1.0
34 0.12526881720430108 0.5 0.046236559139784944 1.0
0 0.7994623655913978 0.5 0.005376344086021506 1.0
25 0.8951612903225806 0.5 0.0032258064516129032 1.0
33 0.5978494623655914 0.5 0.01935483870967742 1.0
34 0.885483870967742 0.5 0.011827956989247311 1.0
0 0.8166666666666667 0.5 0.00967741935483871 1.0
37 0.13064516129032258 0.5 0.08064516129032258 1.0
33 0.02956989247311828 0.5 0.01827956989247312 1.0
34 0.7806451612903226 0.5 0.0064516129032258064 1.0
14 0.09086021505376345 0.5 0.02043010752688172 1.0
23 0.08172043010752689 0.5 0.010752688172043012 1.0
33 0.07526881720430108 0.5 0.021505376344086023 1.0
34 0.05698924731182796 0.5 0.02795698924731183 1.0
34 0.03064516129032258 0.5 0.02043010752688172 1.0
23 0.012903225806451613 0.5 0.015053763440860216 1.0
34 0.002688172043010753 0.5 0.005376344086021506 1.0
34 0.921505376344086 0.5 0.015053763440860216 1.0
34 0.9387096774193548 0.5 0.015053763440860216 1.0
34 0.7688172043010753 0.5 0.025806451612903226 1.0
34 0.11935483870967742 0.5 0.04516129032258064 1.0
34 0.6258064516129033 0.5 0.017204301075268817 1.0
0 0.9526881720430107 0.5 0.012903225806451613 1.0
34 0.2075268817204301 0.5 0.017204301075268817 1.0
33 0.5381720430107527 0.5 0.011827956989247311 1.0
34 0.2860215053763441 0.5 0.02795698924731183 1.0
36 0.18440860215053764 0.5 0.011827956989247311 1.0
14 0.2053763440860215 0.5 0.023655913978494623 1.0
34 0.567741935483871 0.5 0.015053763440860216 1.0
14 0.4397849462365591 0.5 0.023655913978494623 1.0
14 0.5736559139784946 0.5 0.02258064516129032 1.0
34 0.3473118279569892 0.5 0.04086021505376344 1.0
0 0.42795698924731185 0.5 0.047311827956989246 1.0
14 0.3295698924731183 0.5 0.02258064516129032 1.0
34 0.5193548387096775 0.5 0.06451612903225806 1.0
37 0.3682795698924731 0.5 0.08709677419354839 1.0
34 0.7182795698924731 0.5 0.04946236559139785 1.0
14 0.6935483870967742 0.5 0.021505376344086023 1.0
34 0.6720430107526881 0.5 0.012903225806451613 1.0
34 0.6704301075268817 0.5 0.01827956989247312 1.0
34 0.6526881720430108 0.5 0.012903225806451613 1.0
14 0.6370967741935484 0.5 0.016129032258064516 1.0
37 0.5639784946236559 0.5 0.026881720430107527 1.0
