36 0.75 0.5 0.007526881720430108 1.0
35 0.3865591397849462 0.5 0.0032258064516129032 1.0
14 0.9413978494623656 0.5 0.03333333333333333 1.0
37 0.3844086021505376 0.5 0.04408602150537634 1.0
35 0.33440860215053764 0.5 0.004301075268817204 1.0
7 0.9865591397849462 0.5 0.026881720430107527 1.0
14 0.15806451612903225 0.5 0.023655913978494623 1.0
36 0.18225806451612903 0.5 0.016129032258064516 1.0
35 0.3602150537634409 0.5 0.004301075268817204 1.0
36 0.2801075268817204 0.5 0.013978494623655914 1.0
14 0.29623655913978497 0.5 0.02258064516129032 1.0
7 0.7634408602150538 0.5 0.004301075268817204 1.0
14 0.7768817204301075 0.5 0.02903225806451613 1.0
7 0.9209677419354839 0.5 0.007526881720430108 1.0
35 0.8333333333333334 0.5 0.015053763440860216 1.0
25 0.8344086021505376 0.5 0.004301075268817204 1.0
35 0.7193548387096774 0.5 0.01935483870967742 1.0
35 0.1736559139784946 0.5 0.08064516129032258 1.0
14 0.043548387096774194 0.5 0.024731182795698924 1.0
33 0.00967741935483871 0.5 0.01935483870967742 1.0
35 0.4112903225806452 0.5 0.007526881720430108 1.0
36 0.023118279569892472 0.5 0.01827956989247312 1.0
14 0.46021505376344085 0.5 0.02795698924731183 1.0
0 0.7876344086021505 0.5 0.04408602150537634 1.0
33 0.17849462365591398 0.5 0.23225806451612904 1.0
37 0.5387096774193548 0.5 0.03655913978494624 1.0
14 0.5940860215053764 0.5 0.03333333333333333 1.0
23 0.728494623655914 0.5 0.046236559139784944 1.0
7 0.8693548387096774 0.5 0.02258064516129032 1.0
16 0.8924731182795699 0.5 0.023655913978494623 1.0
33 0.5725806451612904 0.5 0.1860215053763441 1.0
23 0.8887096774193548 0.5 0.041935483870967745 1.0
6 0.48333333333333334 0.5 0.03978494623655914 1.0
