14 0.9521505376344086 0.5 0.013978494623655914 1.0
33 0.8924731182795699 0.5 0.012903225806451613 1.0
14 0.8397849462365592 0.5 0.012903225806451613 1.0
33 0.7333333333333333 0.5 0.015053763440860216 1.0
14 0.7134408602150538 0.5 0.02043010752688172 1.0
34 0.8725806451612903 0.5 0.25268817204301075 1.0
6 0.9870967741935484 0.5 0.023655913978494623 1.0
14 0.23709677419354838 0.5 0.02258064516129032 1.0
34 0.1086021505376344 0.5 0.18494623655913978 1.0
34 0.5145161290322581 0.5 0.3279569892473118 1.0
14 0.3478494623655914 0.5 0.02043010752688172 1.0
34 0.7016129032258065 0.5 0.024731182795698924 1.0
14 0.008064516129032258 0.5 0.016129032258064516 1.0
