23 0.9064516129032258 0.23951305136394732 0.008602150537634409 0.11569356811171017
34 0.9505376344086022 0.16359466645085385 0.0989247311827957 0.19355116453322943
23 0.16881720430107527 0.2610254341144991 0.008602150537634409 0.062311758574043266
34 0.7172043010752688 0.1538722094399162 0.03870967741935484 0.1741062505113541
23 0.7784946236559139 0.25083837998106956 0.010752688172043012 0.08268586684090229
14 0.7569892473118279 0.16013968474909124 0.03225806451612903 0.05522942927775081
34 0.8413978494623656 0.19791850262069483 0.11935483870967742 0.15181385436256156
34 0.5935483870967742 0.1561205709835898 0.0989247311827957 0.17860297359870134
14 0.6473118279569893 0.17504296749467277 0.015053763440860216 0.052169128078548524
34 0.32741935483870965 0.19153613413843099 0.08709677419354839 0.2494340999083837
23 0.5682795698924731 0.24140791667724312 0.013978494623655914 0.06171671155788735
33 0.26344086021505375 0.39728367366631534 0.1935483870967742 0.046832601954543224
34 0.1521505376344086 0.17320760282976105 0.15591397849462366 0.21277703729104383
23 0.28118279569892474 0.24485688367269784 0.007526881720430108 0.08953512688669404
34 0.4586021505376344 0.1820894598020208 0.16881720430107527 0.23054075123556325
23 0.3763440860215054 0.24820630331395324 0.01935483870967742 0.09830706421169837
23 0.8505376344086022 0.23880697819714244 0.0064516129032258064 0.08157828655628106
33 0.5209677419354839 0.3966639661815863 0.08279569892473118 0.04876287642818818
14 0.21666666666666667 0.16320953894490545 0.024731182795698924 0.06136913766937922
34 0.21881720430107526 0.16300993836536268 0.04838709677419355 0.19238170836224705
33 0.7021505376344086 0.39570471260846024 0.16344086021505377 0.030815298646732853
