0 0.48494623655913977 0.5 0.043010752688172046 1.0
33 0.4521505376344086 0.5 0.011827956989247311 1.0
33 0.3596774193548387 0.5 0.07419354838709677 1.0
26 0.5252688172043011 0.5 0.02258064516129032 1.0
26 0.21666666666666667 0.5 0.02043010752688172 1.0
35 0.4268817204301075 0.5 0.853763440860215 1.0
23 0.5064516129032258 0.5 0.01935483870967742 1.0
26 0.31290322580645163 0.5 0.023655913978494623 1.0
26 0.6344086021505376 0.5 0.017204301075268817 1.0
35 0.9102150537634408 0.5 0.046236559139784944 1.0
26 0.15806451612903225 0.5 0.02795698924731183 1.0
8 0.9623655913978495 0.5 0.07526881720430108 1.0
23 0.9387096774193548 0.5 0.03655913978494624 1.0
33 0.8838709677419355 0.5 0.03870967741935484 1.0
26 0.18548387096774194 0.5 0.01827956989247312 1.0
23 0.6752688172043011 0.5 0.02795698924731183 1.0
26 0.5575268817204301 0.5 0.01827956989247312 1.0
