33 0.8870967741935484 0.39307597054837096 0.05806451612903226 0.037648827690283604
26 0.9059139784946236 0.24354725791306617 0.01827956989247312 0.04069009216593071
33 0.9758064516129032 0.3924738279482993 0.041935483870967745 0.024282063188384464
33 0.2 0.3957547839767626 0.10752688172043011 0.022504089227158092
35 0.3010752688172043 0.19240676430843126 0.07311827956989247 0.2032110506179727
33 0.7419354838709677 0.3912952023900474 0.015053763440860216 0.02192481207188058
35 0.13225806451612904 0.2006957870731606 0.24086021505376345 0.2677534057778429
11 0.08440860215053764 0.16278465585783938 0.02043010752688172 0.19193114334720043
33 0.03064516129032258 0.39455879945283756 0.06129032258064516 0.02011212017930796
35 0.7827956989247312 0.19664647324422932 0.4344086021505376 0.25965477811998033
33 0.5655913978494623 0.39184319056438327 0.015053763440860216 0.03518326772230831
