23 0.4731182795698925 0.5 0.06451612903225806 1.0
33 0.7215053763440861 0.5 0.24086021505376345 1.0
23 0.5935483870967742 0.5 0.015053763440860216 1.0
23 0.6865591397849462 0.5 0.05268817204301075 1.0
35 0.7741935483870968 0.5 0.11612903225806452 1.0
14 0.5435483870967742 0.5 0.016129032258064516 1.0
35 0.9236559139784947 0.5 0.15268817204301074 1.0
14 0.8204301075268817 0.5 0.021505376344086023 1.0
33 0.35376344086021505 0.5 0.14193548387096774 1.0
14 0.6295698924731182 0.5 0.02043010752688172 1.0
23 0.19516129032258064 0.5 0.013978494623655914 1.0
33 0.11935483870967742 0.5 0.053763440860215055 1.0
14 0.09838709677419355 0.5 0.02258064516129032 1.0
23 0.0532258064516129 0.5 0.03978494623655914 1.0
33 0.9505376344086022 0.5 0.0989247311827957 1.0
14 0.35 0.5 0.02043010752688172 1.0
35 0.22688172043010751 0.5 0.43010752688172044 1.0
