23 0.08387096774193549 0.5 0.015053763440860216 1.0
35 0.04838709677419355 0.5 0.0967741935483871 1.0
35 0.6983870967741935 0.5 0.005376344086021506 1.0
5 0.4650537634408602 0.5 0.02903225806451613 1.0
33 0.8161290322580645 0.5 0.01935483870967742 1.0
23 0.832258064516129 0.5 0.043010752688172046 1.0
14 0.8338709677419355 0.5 0.02903225806451613 1.0
14 0.782258064516129 0.5 0.024731182795698924 1.0
23 0.20161290322580644 0.5 0.016129032258064516 1.0
14 0.37473118279569895 0.5 0.024731182795698924 1.0
14 0.23817204301075268 0.5 0.026881720430107527 1.0
5 0.7489247311827957 0.5 0.03978494623655914 1.0
23 0.4204301075268817 0.5 0.004301075268817204 1.0
5 0.4188172043010753 0.5 0.01827956989247312 1.0
35 0.39086021505376345 0.5 0.02258064516129032 1.0
33 0.2553763440860215 0.5 0.08064516129032258 1.0
5 0.35161290322580646 0.5 0.017204301075268817 1.0
5 0.27903225806451615 0.5 0.035483870967741936 1.0
35 0.2956989247311828 0.5 0.09462365591397849 1.0
0 0.2672043010752688 0.5 0.05053763440860215 1.0
14 0.439247311827957 0.5 0.02258064516129032 1.0
5 0.8370967741935483 0.5 0.007526881720430108 1.0
23 0.7698924731182796 0.5 0.004301075268817204 1.0
7 0.5559139784946237 0.5 0.0064516129032258064 1.0
23 0.671505376344086 0.5 0.03763440860215054 1.0
14 0.625268817204301 0.5 0.024731182795698924 1.0
33 0.6091397849462366 0.5 0.01827956989247312 1.0
35 0.6279569892473118 0.5 0.11827956989247312 1.0
23 0.5650537634408602 0.5 0.013978494623655914 1.0
14 0.5413978494623656 0.5 0.02903225806451613 1.0
14 0.703763440860215 0.5 0.02903225806451613 1.0
5 0.5795698924731183 0.5 0.025806451612903226 1.0
33 0.7021505376344086 0.5 0.01935483870967742 1.0
35 0.9758064516129032 0.5 0.026881720430107527 1.0
35 0.4989247311827957 0.5 0.04086021505376344 1.0
35 0.16989247311827957 0.5 0.11182795698924732 1.0
33 0.4935483870967742 0.5 0.021505376344086023 1.0
0 0.921505376344086 0.5 0.012903225806451613 1.0
5 0.9456989247311828 0.5 0.03333333333333333 1.0
5 0.8704301075268818 0.5 0.04408602150537634 1.0
0 0.9693548387096774 0.5 0.011827956989247311 1.0
14 0.9876344086021506 0.5 0.024731182795698924 1.0
23 0.9021505376344086 0.5 0.017204301075268817 1.0
