33 0.32150537634408605 0.5 0.26881720430107525 1.0
34 0.49946236559139784 0.5 0.9989247311827957 1.0
14 0.43870967741935485 0.5 0.03225806451612903 1.0
23 0.26129032258064516 0.5 0.023655913978494623 1.0
14 0.3188172043010753 0.5 0.024731182795698924 1.0
23 0.1978494623655914 0.5 0.0064516129032258064 1.0
23 0.11774193548387096 0.5 0.007526881720430108 1.0
23 0.17634408602150536 0.5 0.0064516129032258064 1.0
23 0.38225806451612904 0.5 0.005376344086021506 1.0
33 0.6849462365591398 0.5 0.07956989247311828 1.0
23 0.05053763440860215 0.5 0.008602150537634409 1.0
23 0.543010752688172 0.5 0.004301075268817204 1.0
23 0.9720430107526882 0.5 0.017204301075268817 1.0
23 0.5962365591397849 0.5 0.02258064516129032 1.0
33 0.8623655913978494 0.5 0.16344086021505377 1.0
23 0.47043010752688175 0.5 0.024731182795698924 1.0
23 0.7650537634408602 0.5 0.005376344086021506 1.0
14 0.6564516129032258 0.5 0.024731182795698924 1.0
23 0.6655913978494624 0.5 0.02795698924731183 1.0
23 0.8247311827956989 0.5 0.0064516129032258064 1.0
