11 0.6596774193548387 0.5 0.013978494623655914 1.0
35 0.37150537634408604 0.5 0.7430107526881721 1.0
33 0.07849462365591398 0.5 0.04516129032258064 1.0
6 0.27903225806451615 0.5 0.024731182795698924 1.0
23 0.6301075268817204 0.5 0.03870967741935484 1.0
23 0.7494623655913979 0.5 0.012903225806451613 1.0
33 0.9059139784946236 0.5 0.1 1.0
33 0.4591397849462366 0.5 0.0064516129032258064 1.0
35 0.9075268817204301 0.5 0.18494623655913978 1.0
23 0.3639784946236559 0.5 0.007526881720430108 1.0
