35 0.06129032258064516 0.2002672026827133 0.12258064516129032 0.2668962369969483
14 0.328494623655914 0.15823145771918198 0.024731182795698924 0.0710441717158183
35 0.35376344086021505 0.1829276173503927 0.10752688172043011 0.23221706633230707
14 0.39408602150537636 0.16199921564591252 0.02258064516129032 0.06350865586235721
23 0.1978494623655914 0.24989560730085214 0.030107526881720432 0.08655664712594975
14 0.1827956989247312 0.16445988905414163 0.03870967741935484 0.07489986636184517
6 0.14408602150537633 0.19524031092972394 0.034408602150537634 0.14291422171619125
14 0.07204301075268817 0.15481158073821386 0.02795698924731183 0.0663503173621545
33 0.02795698924731183 0.389661420445393 0.047311827956989246 0.042460877831012184
26 0.27741935483870966 0.22408248919215315 0.010752688172043012 0.018276463495131273
35 0.19408602150537635 0.1799965075240331 0.00967741935483871 0.22635484667958788
14 0.7473118279569892 0.16490700923475732 0.034408602150537634 0.06932424304004678
14 0.7736559139784946 0.15534805564028198 0.01827956989247312 0.06527736755801829
14 0.23387096774193547 0.16113601551960421 0.024731182795698924 0.07446002407790718
16 0.5387096774193548 0.16489191933338299 0.008602150537634409 0.0929384628753834
5 0.896774193548387 0.21378015379440352 0.004301075268817204 0.05388237463167185
14 0.8908602150537634 0.15988728309382805 0.024731182795698924 0.05982901061834701
14 0.7139784946236559 0.15544870438157082 0.01935483870967742 0.060696958933052596
14 0.5145161290322581 0.16315931721740856 0.04408602150537634 0.06582885900534927
14 0.6161290322580645 0.16392165559349858 0.025806451612903226 0.07597633328313125
35 0.7989247311827957 0.201969370265236 0.4021505376344086 0.2703005721619937
16 0.553763440860215 0.1455717698899512 0.008602150537634409 0.13396259450844203
35 0.5053763440860215 0.19369078018661234 0.15483870967741936 0.2537433920047464
14 0.8473118279569892 0.1574983476462551 0.021505376344086023 0.06097678354607208
