32 0.07903225806451612 0.5 0.005376344086021506 1.0
33 0.5876344086021505 0.5 0.289247311827957 1.0
35 0.22634408602150538 0.5 0.16021505376344086 1.0
32 0.33602150537634407 0.5 0.005376344086021506 1.0
23 0.42096774193548386 0.5 0.01827956989247312 1.0
23 0.08978494623655914 0.5 0.01827956989247312 1.0
14 0.5279569892473118 0.5 0.017204301075268817 1.0
23 0.4698924731182796 0.5 0.05161290322580645 1.0
35 0.45483870967741935 0.5 0.010752688172043012 1.0
32 0.482258064516129 0.5 0.005376344086021506 1.0
35 0.5612903225806452 0.5 0.07311827956989247 1.0
23 0.556989247311828 0.5 0.008602150537634409 1.0
35 0.42634408602150536 0.5 0.011827956989247311 1.0
26 0.22473118279569892 0.5 0.023655913978494623 1.0
23 0.1596774193548387 0.5 0.013978494623655914 1.0
33 0.3897849462365591 0.5 0.013978494623655914 1.0
32 0.7005376344086022 0.5 0.005376344086021506 1.0
23 0.7801075268817205 0.5 0.02258064516129032 1.0
23 0.6311827956989248 0.5 0.012903225806451613 1.0
35 0.7344086021505376 0.5 0.012903225806451613 1.0
35 0.6408602150537634 0.5 0.004301075268817204 1.0
35 0.678494623655914 0.5 0.03225806451612903 1.0
26 0.2623655913978495 0.5 0.010752688172043012 1.0
23 0.7075268817204301 0.5 0.010752688172043012 1.0
14 0.6516129032258065 0.5 0.017204301075268817 1.0
23 0.3370967741935484 0.5 0.03118279569892473 1.0
35 0.8548387096774194 0.5 0.11182795698924732 1.0
33 0.8365591397849462 0.5 0.021505376344086023 1.0
23 0.843010752688172 0.5 0.004301075268817204 1.0
23 0.8908602150537634 0.5 0.005376344086021506 1.0
35 0.9591397849462365 0.5 0.053763440860215055 1.0
35 0.625268817204301 0.5 0.0032258064516129032 1.0
