14 0.8424731182795699 0.16040233736650078 0.03118279569892473 0.06595934178529957
35 0.2887096774193548 0.1946798034453922 0.5774193548387097 0.2557214385223061
14 0.24516129032258063 0.16032821265344885 0.021505376344086023 0.061686541648475396
26 0.3118279569892473 0.2565001154050286 0.030107526881720432 0.043803725296033935
14 0.9854838709677419 0.16258228901337313 0.02903225806451613 0.06825778473524151
26 0.9413978494623656 0.23728066571696382 0.02903225806451613 0.03351754137275249
26 0.3521505376344086 0.2597691807425166 0.02258064516129032 0.047959614089062595
35 0.843010752688172 0.17731801754553378 0.3139784946236559 0.22099786672258925
35 0.6333333333333333 0.16867662297687624 0.05161290322580645 0.2037150775852742
26 0.4575268817204301 0.2585914072400694 0.02258064516129032 0.02388550905888786
14 0.6634408602150538 0.16520468275972866 0.03655913978494624 0.0652397603955569
26 0.3860215053763441 0.25631331110007066 0.01935483870967742 0.036265566455572086
26 0.42258064516129035 0.24264817957747314 0.023655913978494623 0.030272894881142286
14 0.5865591397849462 0.1609177024524515 0.02043010752688172 0.06492861161339819
