8 0.46559139784946235 0.5 0.13333333333333333 1.0
14 0.13978494623655913 0.5 0.025806451612903226 1.0
35 0.16129032258064516 0.5 0.06881720430107527 1.0
25 0.2946236559139785 0.5 0.004301075268817204 1.0
13 0.21935483870967742 0.5 0.017204301075268817 1.0
23 0.471505376344086 0.5 0.011827956989247311 1.0
14 0.28279569892473116 0.5 0.023655913978494623 1.0
14 0.42634408602150536 0.5 0.024731182795698924 1.0
35 0.5268817204301075 0.5 0.1870967741935484 1.0
23 0.567741935483871 0.5 0.021505376344086023 1.0
14 0.42473118279569894 0.5 0.025806451612903226 1.0
14 0.10591397849462365 0.5 0.02043010752688172 1.0
35 0.7967741935483871 0.5 0.3913978494623656 1.0
35 0.24193548387096775 0.5 0.021505376344086023 1.0
23 0.8596774193548387 0.5 0.00967741935483871 1.0
8 0.8543010752688172 0.5 0.05698924731182796 1.0
35 0.339247311827957 0.5 0.01827956989247312 1.0
14 0.6854838709677419 0.5 0.02903225806451613 1.0
8 0.7091397849462365 0.5 0.03978494623655914 1.0
23 0.7967741935483871 0.5 0.004301075268817204 1.0
23 0.821505376344086 0.5 0.008602150537634409 1.0
14 0.8467741935483871 0.5 0.024731182795698924 1.0
33 0.6166666666666667 0.5 0.07849462365591398 1.0
23 0.8849462365591397 0.5 0.008602150537634409 1.0
13 0.9333333333333333 0.5 0.017204301075268817 1.0
0 0.05591397849462366 0.5 0.0064516129032258064 1.0
13 0.03225806451612903 0.5 0.01935483870967742 1.0
35 0.0532258064516129 0.5 0.0956989247311828 1.0
14 0.011827956989247311 0.5 0.023655913978494623 1.0
33 0.896236559139785 0.5 0.16881720430107527 1.0
