35 0.6612903225806451 0.5 0.002150537634408602 1.0
35 0.45376344086021503 0.5 0.023655913978494623 1.0
26 0.6709677419354839 0.5 0.030107526881720432 1.0
26 0.5860215053763441 0.5 0.030107526881720432 1.0
0 0.5655913978494623 0.5 0.047311827956989246 1.0
23 0.48978494623655916 0.5 0.03333333333333333 1.0
26 0.26344086021505375 0.5 0.021505376344086023 1.0
23 0.3956989247311828 0.5 0.03870967741935484 1.0
33 0.3629032258064516 0.5 0.03978494623655914 1.0
26 0.2887096774193548 0.5 0.02043010752688172 1.0
6 0.19462365591397848 0.5 0.015053763440860216 1.0
23 0.221505376344086 0.5 0.043010752688172046 1.0
35 0.6311827956989248 0.5 0.002150537634408602 1.0
23 0.06290322580645161 0.5 0.03118279569892473 1.0
35 0.7166666666666667 0.5 0.013978494623655914 1.0
35 0.9935483870967742 0.5 0.012903225806451613 1.0
23 0.9682795698924731 0.5 0.00967741935483871 1.0
36 0.8634408602150537 0.5 0.015053763440860216 1.0
23 0.821505376344086 0.5 0.030107526881720432 1.0
35 0.796236559139785 0.5 0.1086021505376344 1.0
36 0.9338709677419355 0.5 0.026881720430107527 1.0
35 0.8930107526881721 0.5 0.04408602150537634 1.0
35 0.16129032258064516 0.5 0.3225806451612903 1.0
