23 0.7559139784946236 0.5 0.010752688172043012 1.0
23 0.8521505376344086 0.5 0.011827956989247311 1.0
14 0.8311827956989247 0.5 0.02795698924731183 1.0
33 0.4774193548387097 0.5 0.023655913978494623 1.0
23 0.7897849462365591 0.5 0.007526881720430108 1.0
14 0.7559139784946236 0.5 0.025806451612903226 1.0
33 0.6516129032258065 0.5 0.021505376344086023 1.0
8 0.689247311827957 0.5 0.12043010752688173 1.0
14 0.6327956989247312 0.5 0.024731182795698924 1.0
23 0.5360215053763441 0.5 0.024731182795698924 1.0
14 0.5225806451612903 0.5 0.025806451612903226 1.0
33 0.703763440860215 0.5 0.02258064516129032 1.0
35 0.012365591397849462 0.5 0.005376344086021506 1.0
14 0.9661290322580646 0.5 0.02258064516129032 1.0
14 0.8602150537634409 0.5 0.023655913978494623 1.0
23 0.4639784946236559 0.5 0.016129032258064516 1.0
23 0.3258064516129032 0.5 0.025806451612903226 1.0
35 0.9295698924731183 0.5 0.02043010752688172 1.0
33 0.8763440860215054 0.5 0.043010752688172046 1.0
6 0.3102150537634409 0.5 0.03333333333333333 1.0
35 0.16129032258064516 0.5 0.0064516129032258064 1.0
23 0.11720430107526882 0.5 0.017204301075268817 1.0
23 0.07526881720430108 0.5 0.01935483870967742 1.0
14 0.05860215053763441 0.5 0.024731182795698924 1.0
8 0.27741935483870966 0.5 0.5548387096774193 1.0
14 0.3704301075268817 0.5 0.024731182795698924 1.0
14 0.1881720430107527 0.5 0.021505376344086023 1.0
