34 0.5 0.5 1.0 1.0
33 0.6575268817204301 0.5 0.02043010752688172 1.0
33 0.8236559139784946 0.5 0.012903225806451613 1.0
33 0.6827956989247311 0.5 0.01935483870967742 1.0
33 0.8569892473118279 0.5 0.017204301075268817 1.0
33 0.7096774193548387 0.5 0.01935483870967742 1.0
33 0.7693548387096775 0.5 0.01827956989247312 1.0
33 0.7924731182795699 0.5 0.012903225806451613 1.0
33 0.9564516129032258 0.5 0.02043010752688172 1.0
33 0.986021505376344 0.5 0.023655913978494623 1.0
33 0.7413978494623656 0.5 0.01827956989247312 1.0
