33 0.21344086021505376 0.5 0.2010752688172043 1.0
37 0.3365591397849462 0.5 0.012903225806451613 1.0
23 0.10268817204301076 0.5 0.011827956989247311 1.0
14 0.08709677419354839 0.5 0.025806451612903226 1.0
23 0.012903225806451613 0.5 0.008602150537634409 1.0
35 0.49946236559139784 0.5 0.9989247311827957 1.0
37 0.975268817204301 0.5 0.017204301075268817 1.0
37 0.714516129032258 0.5 0.04408602150537634 1.0
37 0.8817204301075269 0.5 0.06236559139784946 1.0
37 0.5774193548387097 0.5 0.04946236559139785 1.0
33 0.4596774193548387 0.5 0.08494623655913978 1.0
37 0.28978494623655915 0.5 0.02903225806451613 1.0
23 0.6446236559139785 0.5 0.02043010752688172 1.0
33 0.8688172043010752 0.5 0.13763440860215054 1.0
