0 0.8774193548387097 0.5 0.023655913978494623 1.0
33 0.8387096774193549 0.5 0.021505376344086023 1.0
34 0.08978494623655914 0.5 0.17956989247311828 1.0
34 0.6005376344086022 0.5 0.035483870967741936 1.0
33 0.9220430107526881 0.5 0.02043010752688172 1.0
34 0.35913978494623655 0.5 0.06236559139784946 1.0
33 0.7580645161290323 0.5 0.01935483870967742 1.0
6 0.5580645161290323 0.5 0.034408602150537634 1.0
34 0.43548387096774194 0.5 0.08387096774193549 1.0
33 0.4274193548387097 0.5 0.1043010752688172 1.0
33 0.031720430107526884 0.5 0.06344086021505377 1.0
34 0.20913978494623656 0.5 0.02903225806451613 1.0
33 0.5634408602150538 0.5 0.07956989247311828 1.0
33 0.6537634408602151 0.5 0.07096774193548387 1.0
