23 0.10161290322580645 0.232807246637471 0.01827956989247312 0.030888989496719973
35 0.37150537634408604 0.20112126933967533 0.3580645161290323 0.26860437031087236
7 0.7215053763440861 0.212613955166076 0.017204301075268817 0.049018627277917934
35 0.8930107526881721 0.20049932512176044 0.21397849462365592 0.2673604818750426
7 0.7720430107526882 0.20639788953588034 0.015053763440860216 0.06328500729503592
0 0.08225806451612903 0.26073852135167774 0.14731182795698924 0.030589771734019985
35 0.1424731182795699 0.1706294551781526 0.06344086021505377 0.2076207419878269
33 0.9655913978494624 0.3965065187437443 0.04516129032258064 0.03068097817670945
14 0.3311827956989247 0.15540906485966055 0.01935483870967742 0.04698654990006833
23 0.39408602150537636 0.27450941128756756 0.02903225806451613 0.07660295681480311
35 0.5698924731182796 0.16714781181619717 0.06236559139784946 0.20065745526391604
35 0.6903225806451613 0.1762452599237592 0.025806451612903226 0.2188523514790401
35 0.7413978494623656 0.20174654219226112 0.03978494623655914 0.26985491601604394
14 0.8198924731182796 0.1649524536892861 0.026881720430107527 0.0581384491329915
33 0.5989247311827957 0.39310661434767286 0.47096774193548385 0.030074349204826316
35 0.6413978494623656 0.17939148322410065 0.041935483870967745 0.22514479807972299
