35 0.9467741935483871 0.5 0.005376344086021506 1.0
23 0.5865591397849462 0.5 0.011827956989247311 1.0
25 0.9951612903225806 0.5 0.0032258064516129032 1.0
23 0.8166666666666667 0.5 0.026881720430107527 1.0
23 0.0064516129032258064 0.5 0.004301075268817204 1.0
23 0.7059139784946237 0.5 0.011827956989247311 1.0
23 0.6473118279569893 0.5 0.017204301075268817 1.0
14 0.4806451612903226 0.5 0.023655913978494623 1.0
35 0.853225806451613 0.5 0.011827956989247311 1.0
35 0.9225806451612903 0.5 0.010752688172043012 1.0
23 0.8672043010752688 0.5 0.01827956989247312 1.0
23 0.5252688172043011 0.5 0.046236559139784944 1.0
23 0.39301075268817204 0.5 0.02903225806451613 1.0
33 0.55 0.5 0.3258064516129032 1.0
35 0.41935483870967744 0.5 0.03655913978494624 1.0
25 0.41021505376344086 0.5 0.016129032258064516 1.0
28 0.885483870967742 0.5 0.01827956989247312 1.0
35 0.9005376344086021 0.5 0.005376344086021506 1.0
23 0.6768817204301075 0.5 0.02043010752688172 1.0
35 0.7204301075268817 0.5 0.010752688172043012 1.0
23 0.3387096774193548 0.5 0.021505376344086023 1.0
35 0.7553763440860215 0.5 0.011827956989247311 1.0
33 0.946236559139785 0.5 0.047311827956989246 1.0
23 0.7553763440860215 0.5 0.013978494623655914 1.0
23 0.22634408602150538 0.5 0.016129032258064516 1.0
35 0.7833333333333333 0.5 0.005376344086021506 1.0
23 0.2537634408602151 0.5 0.015053763440860216 1.0
23 0.16612903225806452 0.5 0.016129032258064516 1.0
35 0.27204301075268816 0.5 0.01935483870967742 1.0
23 0.08763440860215053 0.5 0.041935483870967745 1.0
