34 0.6833333333333333 0.26033655606761713 0.005376344086021506 0.05834996580153209
29 0.1403225806451613 0.22232002509290208 0.016129032258064516 0.06282339884658268
7 0.16612903225806452 0.2016720785758244 0.00967741935483871 0.04515808190470423
29 0.18655913978494623 0.22998670066380986 0.005376344086021506 0.04749004770476714
7 0.26666666666666666 0.2197789983271098 0.008602150537634409 0.053403221054761585
7 0.2349462365591398 0.21772424101617524 0.00967741935483871 0.036195875798848885
7 0.1989247311827957 0.1954773151664497 0.010752688172043012 0.06443468944972147
34 0.2306451612903226 0.2658991764212919 0.013978494623655914 0.0832961137862308
7 0.25161290322580643 0.21116000379566113 0.012903225806451613 0.04698567528100763
34 0.11397849462365592 0.24021402606096276 0.0064516129032258064 0.03192581306557251
7 0.4295698924731183 0.22388391259425458 0.02903225806451613 0.05726124260882793
29 0.2075268817204301 0.21186268341860337 0.0064516129032258064 0.07404263058612034
7 0.21827956989247313 0.22032255306550477 0.010752688172043012 0.052316111577971565
29 0.6591397849462366 0.2140979286470303 0.008602150537634409 0.05286152498374599
7 0.6435483870967742 0.19695067759413587 0.011827956989247311 0.056891481634024556
34 0.29301075268817206 0.20106957466670555 0.016129032258064516 0.2016183395673607
34 0.2940860215053763 0.26148980183966974 0.013978494623655914 0.08359097975011825
34 0.6844086021505377 0.16451780185073356 0.01827956989247312 0.07241262595097828
29 0.5591397849462365 0.22138347056988747 0.025806451612903226 0.0695869240477231
34 0.5946236559139785 0.14099710578261399 0.023655913978494623 0.14835604319674964
34 0.39086021505376345 0.21166350325939923 0.03978494623655914 0.09889767030507031
34 0.4989247311827957 0.2347652119466627 0.010752688172043012 0.07902384131364412
34 0.09408602150537634 0.2617936213452742 0.016129032258064516 0.07737073682395737
7 0.12419354838709677 0.2055312873590504 0.011827956989247311 0.04432674506452003
34 0.017204301075268817 0.19265954148805944 0.034408602150537634 0.1124489144472082
7 0.7139784946236559 0.22408448229042843 0.03225806451612903 0.06418490060664117
34 0.3580645161290323 0.25449878453770924 0.012903225806451613 0.06733778145103246
34 0.4478494623655914 0.24593599879933012 0.0032258064516129032 0.04793624404670888
7 0.3704301075268817 0.20179842144091925 0.007526881720430108 0.051792476900782376
29 0.0553763440860215 0.2138806480792035 0.005376344086021506 0.06484847045260206
29 0.31989247311827956 0.22590468122661844 0.011827956989247311 0.04595863497009017
7 0.706989247311828 0.20006433564012743 0.01827956989247312 0.07151568655094451
7 0.035483870967741936 0.20999487558303076 0.008602150537634409 0.04465541885574687
29 0.09301075268817205 0.21918062830514878 0.035483870967741936 0.052206481010839585
29 0.3553763440860215 0.22525472457513304 0.00967741935483871 0.04245176855871505
7 0.339247311827957 0.2145869559589188 0.00967741935483871 0.04952129859101391
34 0.5037634408602151 0.17325215367874353 0.041935483870967745 0.10199793169886599
34 0.34086021505376346 0.17615559817235651 0.010752688172043012 0.040376560295216087
7 0.6096774193548387 0.21172872302136286 0.04516129032258064 0.08644757248847852
34 0.4596774193548387 0.30174538059060646 0.035483870967741936 0.07877893571884012
29 0.01989247311827957 0.21587875761709263 0.02258064516129032 0.056423182923870656
34 0.9650537634408602 0.18478288299761225 0.01827956989247312 0.04513642978149636
34 0.9354838709677419 0.10060907042129817 0.008602150537634409 0.06757997247411805
34 0.9827956989247312 0.17816531157631116 0.012903225806451613 0.222692454784144
34 0.3370967741935484 0.16463194569696696 0.054838709677419356 0.04822798567143255
34 0.8510752688172043 0.2370825558494223 0.007526881720430108 0.05054671376352821
34 0.7688172043010753 0.26021990609147533 0.010752688172043012 0.08331767671782106
7 0.7301075268817204 0.20220533923946915 0.012903225806451613 0.04409156057741469
34 0.8768817204301075 0.15059049945937714 0.013978494623655914 0.05062336706230183
