33 0.13279569892473117 0.5 0.02258064516129032 1.0
33 0.8908602150537634 0.5 0.024731182795698924 1.0
35 0.8951612903225806 0.5 0.04408602150537634 1.0
33 0.693010752688172 0.5 0.02043010752688172 1.0
33 0.8591397849462366 0.5 0.021505376344086023 1.0
14 0.896774193548387 0.5 0.021505376344086023 1.0
33 0.49838709677419357 0.5 0.01827956989247312 1.0
33 0.3763440860215054 0.5 0.01935483870967742 1.0
33 0.4080645161290323 0.5 0.02043010752688172 1.0
33 0.43870967741935485 0.5 0.021505376344086023 1.0
33 0.4639784946236559 0.5 0.00967741935483871 1.0
33 0.31666666666666665 0.5 0.02043010752688172 1.0
35 0.5870967741935483 0.5 0.14623655913978495 1.0
33 0.3478494623655914 0.5 0.024731182795698924 1.0
14 0.5118279569892473 0.5 0.01935483870967742 1.0
35 0.9709677419354839 0.5 0.05806451612903226 1.0
33 0.5284946236559139 0.5 0.02258064516129032 1.0
33 0.9274193548387096 0.5 0.024731182795698924 1.0
35 0.01827956989247312 0.5 0.03655913978494624 1.0
35 0.30268817204301074 0.5 0.3967741935483871 1.0
33 0.828494623655914 0.5 0.02043010752688172 1.0
33 0.00967741935483871 0.5 0.01935483870967742 1.0
33 0.09838709677419355 0.5 0.011827956989247311 1.0
35 0.771505376344086 0.5 0.17311827956989248 1.0
33 0.07150537634408602 0.5 0.01827956989247312 1.0
35 0.07903225806451612 0.5 0.02258064516129032 1.0
14 0.10376344086021505 0.5 0.016129032258064516 1.0
33 0.04086021505376344 0.5 0.01935483870967742 1.0
