19 0.8827956989247312 0.1852691572006874 0.0064516129032258064 0.029541974283835832
36 0.5231182795698924 0.19629563399809058 0.005376344086021506 0.051594927878642165
19 0.978494623655914 0.2152594890569113 0.008602150537634409 0.03968826365547378
12 0.7666666666666667 0.19848772604993592 0.008602150537634409 0.0633952460162512
12 0.6736559139784947 0.19912123683430027 0.016129032258064516 0.05724613355106156
12 0.07204301075268817 0.20284172245078344 0.05806451612903226 0.08450828902752369
12 0.8301075268817204 0.19568264161190455 0.06666666666666667 0.05926450348914318
12 0.3967741935483871 0.2020178603162952 0.03225806451612903 0.06452516559995958
12 0.14838709677419354 0.20218585191400668 0.010752688172043012 0.07079149774439271
12 0.2252688172043011 0.19024954097874383 0.016129032258064516 0.07336739430866564
12 0.32204301075268815 0.20407456787560738 0.024731182795698924 0.05222156236490826
