12 0.9478494623655914 0.21239693540361604 0.013978494623655914 0.04778234007436255
12 0.8096774193548387 0.2107479783535852 0.025806451612903226 0.06496149929607614
5 0.7473118279569892 0.20277773721449613 0.034408602150537634 0.05731655766745519
12 0.6817204301075269 0.2046351485936199 0.03225806451612903 0.06675681559437494
5 0.6053763440860215 0.19852386297050134 0.1053763440860215 0.08070961902167693
12 0.2817204301075269 0.2083324252007944 0.03655913978494624 0.08034522937119934
12 0.5419354838709678 0.21315827876467588 0.021505376344086023 0.04453886704679159
0 0.8327956989247312 0.19039656304644345 0.01827956989247312 0.09178308478870775
12 0.01989247311827957 0.2033396791043201 0.01827956989247312 0.04544384632011372
12 0.44408602150537635 0.20618932295127398 0.023655913978494623 0.06364846687906674
12 0.1924731182795699 0.20963179034239962 0.012903225806451613 0.05331263019679541
0 0.3580645161290323 0.1990140750124144 0.025806451612903226 0.05240922248626122
