36 0.2537634408602151 0.18889264838324074 0.010752688172043012 0.07972657527449398
0 0.28118279569892474 0.6314948664326939 0.0032258064516129032 0.7326812628056077
36 0.004301075268817204 0.175963142252514 0.008602150537634409 0.08369132387652575
36 0.08064516129032258 0.19588827640672798 0.047311827956989246 0.07578266781413058
11 0.9779569892473118 0.2659370915004863 0.03763440860215054 0.1932191107635479
27 0.839247311827957 0.19959135653955554 0.06774193548387097 0.06029049144146481
0 0.4645161290322581 0.3767486126321497 0.025806451612903226 0.22318875520451928
34 0.6209677419354839 0.2153160772228938 0.013978494623655914 0.07823711396463973
0 0.6924731182795699 0.27244669495902624 0.01935483870967742 0.07227159277565827
11 0.7677419354838709 0.20235236740531012 0.008602150537634409 0.07499907281086345
36 0.44516129032258067 0.17206429624206085 0.012903225806451613 0.054978761917090314
36 0.20483870967741935 0.1814031206738357 0.007526881720430108 0.06027882820598839
