34 0.20698924731182797 0.20358115689883327 0.007526881720430108 0.09290229279088845
34 0.038172043010752686 0.20908425616560355 0.07204301075268817 0.10620857680120255
0 0.12526881720430108 0.23287159876725086 0.02258064516129032 0.021530678403001564
34 0.1575268817204301 0.22563841151587888 0.02903225806451613 0.09851201305643081
34 0.6973118279569892 0.20075227639649787 0.0978494623655914 0.10709901820092103
0 0.2295698924731183 0.19400339639354797 0.035483870967741936 0.08313858881231795
34 0.28118279569892474 0.18893774656130852 0.06774193548387097 0.15466549770384225
0 0.32741935483870965 0.2378049512392711 0.02258064516129032 0.028991739796488534
34 0.4806451612903226 0.19631001126347247 0.27956989247311825 0.21984355715736928
34 0.9005376344086021 0.23395392398926673 0.1924731182795699 0.13940010295072244
11 0.8145161290322581 0.2221625508378738 0.06559139784946237 0.10546373441244095
