34 0.06344086021505377 0.18546702949327973 0.12688172043010754 0.20590659744384457
26 0.16182795698924732 0.25899413189665277 0.03333333333333333 0.06517010302230809
34 0.5064516129032258 0.23506429089780542 0.053763440860215055 0.10937001450974437
31 0.8956989247311828 0.21192423219980422 0.043010752688172046 0.08686952360415355
31 0.9650537634408602 0.21835864035770713 0.035483870967741936 0.06909861354797497
34 0.6870967741935484 0.19956244419883737 0.030107526881720432 0.16408322452703297
34 0.3634408602150538 0.20968582234514488 0.06666666666666667 0.13887706156468316
34 0.7666666666666667 0.18721694668511146 0.004301075268817204 0.16973462958561475
34 0.44623655913978494 0.1751276228261417 0.043010752688172046 0.21661707728380508
34 0.6069892473118279 0.21309152234559814 0.0032258064516129032 0.1620174865062955
34 0.17043010752688173 0.22733393836072247 0.03763440860215054 0.08704920955400565
34 0.23763440860215054 0.20984546669314447 0.08172043010752689 0.16850959781120287
