6 0.30053763440860215 0.19006329055798793 0.026881720430107527 0.12136951746477104
6 0.38333333333333336 0.1906431314629191 0.026881720430107527 0.12598903868807684
22 0.18494623655913978 0.20670280300304547 0.012903225806451613 0.15464854235488615
6 0.05698924731182796 0.19248470128034956 0.09462365591397849 0.12918136002434488
6 0.21505376344086022 0.20530308237968203 0.03870967741935484 0.14590050409019178
0 0.8720430107526882 0.22197927720440075 0.0064516129032258064 0.021898494687295045
6 0.8123655913978495 0.2015278427020619 0.03978494623655914 0.13835002473495153
6 0.8795698924731182 0.1895935107323383 0.0064516129032258064 0.12932659143866357
6 0.45268817204301076 0.1935180015766007 0.023655913978494623 0.1133798202277631
6 0.1478494623655914 0.19894397437110492 0.035483870967741936 0.1387326916153307
6 0.6672043010752688 0.18802630683807284 0.02903225806451613 0.1199064510231011
6 0.567741935483871 0.1939203297015648 0.025806451612903226 0.15274128335602594
