26 0.9010752688172043 0.2552586281746016 0.05161290322580645 0.016964099187382137
14 0.9188172043010753 0.1561893089651693 0.016129032258064516 0.06247932935975936
26 0.08387096774193549 0.25323053854744676 0.053763440860215055 0.01290791993307248
30 0.3247311827956989 0.26625064816350624 0.002150537634408602 0.09184458291301151
30 0.29838709677419356 0.2782036712390028 0.0032258064516129032 0.09543323928998386
5 0.2725806451612903 0.2284800275552332 0.04838709677419355 0.08803994426295564
11 0.9634408602150538 0.23592317397617055 0.07096774193548387 0.06796820612187787
14 0.7580645161290323 0.16250319311195235 0.021505376344086023 0.07528261442974918
14 0.9731182795698925 0.1563188937260248 0.03225806451612903 0.06995156280774434
30 0.14946236559139786 0.2640585993986634 0.004301075268817204 0.0734321861147211
26 0.1967741935483871 0.25985425356410213 0.08602150537634409 0.01186133390560644
5 0.19193548387096773 0.20293510087447528 0.02903225806451613 0.027534202144156708
6 0.1978494623655914 0.21168616116850977 0.004301075268817204 0.06537313970261542
30 0.1913978494623656 0.27073495389195956 0.002150537634408602 0.08049580459589735
30 0.08387096774193549 0.26324657576152494 0.017204301075268817 0.1789080772551711
26 0.7634408602150538 0.2577578958436182 0.05591397849462366 0.017100869360501328
30 0.12311827956989248 0.26480836585630924 0.0032258064516129032 0.08572993824141019
26 0.3365591397849462 0.2524551009534575 0.017204301075268817 0.009295915015611302
30 0.02204301075268817 0.27608731351902766 0.0032258064516129032 0.13343074089243465
30 0.02956989247311828 0.2794809407866466 0.0032258064516129032 0.11768509059441956
30 0.05 0.2780914996513713 0.005376344086021506 0.11815384263535608
30 0.4064516129032258 0.27421135843574923 0.010752688172043012 0.244465597634412
26 0.5284946236559139 0.25471595237722466 0.054838709677419356 0.009506475636093803
26 0.6236559139784946 0.25732127885915745 0.01935483870967742 0.04377733289746879
26 0.6559139784946236 0.2582913486791276 0.04086021505376344 0.012990558591555335
30 0.3779569892473118 0.275869696061794 0.0032258064516129032 0.09572489155427026
30 0.3338709677419355 0.2835113117402322 0.0032258064516129032 0.10272842760078105
6 0.23225806451612904 0.1990208374736006 0.030107526881720432 0.0761637782195862
19 0.6698924731182796 0.22753579078214367 0.025806451612903226 0.07432926002051948
30 0.4666666666666667 0.2355483311284417 0.015053763440860216 0.32907379729141367
