34 0.3774193548387097 0.21164592971697213 0.004301075268817204 0.06106582510705986
34 0.9639784946236559 0.2295059844693707 0.005376344086021506 0.06312404387125414
34 0.6994623655913978 0.2236690652921063 0.1086021505376344 0.06838041433919612
11 0.47956989247311826 0.20234748701196756 0.17419354838709677 0.08895130264903689
36 0.1978494623655914 0.18503660967010463 0.008602150537634409 0.051628926362043547
0 0.12795698924731183 0.2683807200701916 0.015053763440860216 0.03840270807862899
36 0.11344086021505376 0.19553251473963387 0.013978494623655914 0.07801818750624152
34 0.04032258064516129 0.2246809970061914 0.04408602150537634 0.07600257501474295
11 0.33763440860215055 0.20256188898284586 0.09032258064516129 0.09476995071270426
34 0.4258064516129032 0.21707416793303203 0.1032258064516129 0.09121623316106167
