36 0.10806451612903226 0.19129396723280043 0.013978494623655914 0.19846606646027712
30 0.5080645161290323 0.19272491835927139 0.00967741935483871 0.24344730544476068
30 0.9768817204301076 0.237697989469977 0.007526881720430108 0.07653765948669364
30 0.9672043010752688 0.22579213950069724 0.00967741935483871 0.28195178136275423
30 0.25268817204301075 0.214033090521827 0.008602150537634409 0.197649435514235
36 0.2021505376344086 0.20409624920817485 0.012903225806451613 0.17286150250952828
30 0.5467741935483871 0.22751876674754698 0.007526881720430108 0.32139936512661565
22 0.7279569892473118 0.22706929327330166 0.04086021505376344 0.11672546374105308
0 0.6580645161290323 0.34672051256193354 0.017204301075268817 0.2139502680210025
0 0.8505376344086022 0.32932808718274265 0.0064516129032258064 0.16164609459269716
30 0.9021505376344086 0.24294398839619358 0.008602150537634409 0.3402855675399735
30 0.7763440860215054 0.2794961928624124 0.0064516129032258064 0.12608677503598875
30 0.7005376344086022 0.21932789487043347 0.00967741935483871 0.30501762137238864
30 0.027419354838709678 0.21677100509527328 0.00967741935483871 0.18268482056875177
