14 0.4860215053763441 0.15533462460113964 0.030107526881720432 0.07426317140439566
34 0.6946236559139785 0.211881085161963 0.004301075268817204 0.08510709808650137
34 0.3897849462365591 0.20932863935750765 0.005376344086021506 0.11165119134476482
14 0.3704301075268817 0.1529922023585291 0.03118279569892473 0.06957832691917451
14 0.22311827956989247 0.17045034232498046 0.08064516129032258 0.08703764943281538
14 0.3123655913978495 0.17011798759891583 0.035483870967741936 0.07320203823021347
34 0.14139784946236558 0.19713850608424827 0.046236559139784944 0.13603145789128357
34 0.5043010752688172 0.21331855157893198 0.008602150537634409 0.0510743715216313
34 0.5661290322580645 0.21369296228681606 0.041935483870967745 0.06576579052869302
14 0.6521505376344086 0.15371052002519578 0.01827956989247312 0.06750018931110699
0 0.9263440860215054 0.22535338054855195 0.005376344086021506 0.03726874766905872
0 0.8811827956989248 0.22937806280813924 0.011827956989247311 0.05011314279414887
34 0.8612903225806452 0.22312077223747492 0.02795698924731183 0.1347467473037071
14 0.10483870967741936 0.15760014161661015 0.026881720430107527 0.0744405992010194
0 0.5209677419354839 0.22769184039092552 0.007526881720430108 0.02744534669907473
0 0.660752688172043 0.22794918637244985 0.011827956989247311 0.04246035931685453
0 0.21021505376344085 0.21849833740540536 0.04408602150537634 0.12100278981148535
14 0.02043010752688172 0.15366317334867144 0.023655913978494623 0.0796071431492409
34 0.8166666666666667 0.22166473634756376 0.013978494623655914 0.1318346755238847
0 0.7870967741935484 0.23008382933048124 0.012903225806451613 0.0175438160185328
