10 0.624731182795699 0.5 0.025806451612903226 1.0
10 0.9844086021505376 0.5 0.02043010752688172 1.0
10 0.9134408602150538 0.5 0.02043010752688172 1.0
10 0.7887096774193548 0.5 0.03978494623655914 1.0
10 0.5069892473118279 0.5 0.024731182795698924 1.0
10 0.7053763440860215 0.5 0.023655913978494623 1.0
10 0.08118279569892473 0.5 0.02258064516129032 1.0
10 0.14301075268817204 0.5 0.021505376344086023 1.0
10 0.01021505376344086 0.5 0.02043010752688172 1.0
10 0.3096774193548387 0.5 0.021505376344086023 1.0
10 0.2306451612903226 0.5 0.02258064516129032 1.0
