7 0.14838709677419354 0.22123146289647685 0.010752688172043012 0.1444042043009662
10 0.9150537634408602 0.21355721179863527 0.023655913978494623 0.06086108516889209
10 0.8526881720430107 0.20099234844137198 0.02795698924731183 0.0859908118834186
10 0.38548387096774195 0.1906051765178002 0.02043010752688172 0.09650112164389489
10 0.6758064516129032 0.2048978535422644 0.03978494623655914 0.09380182208520342
10 0.5876344086021505 0.20621578835243817 0.02258064516129032 0.09643769170555098
10 0.7688172043010753 0.20887746934990295 0.021505376344086023 0.1017610537004805
10 0.9930107526881721 0.20697877400586995 0.013978494623655914 0.08440118405001433
19 0.4962365591397849 0.22226490433516102 0.03333333333333333 0.0967274926096006
10 0.2021505376344086 0.22226490433516102 0.017204301075268817 0.0967274926096006
11 0.2967741935483871 0.21094617860540144 0.021505376344086023 0.11936494406911982
10 0.4543010752688172 0.19762573047696141 0.01827956989247312 0.0927240478122398
