10 0.5252688172043011 0.5 0.011827956989247311 1.0
10 0.5849462365591398 0.5 0.023655913978494623 1.0
10 0.4747311827956989 0.5 0.00967741935483871 1.0
10 0.41397849462365593 0.5 0.025806451612903226 1.0
10 0.6795698924731183 0.5 0.012903225806451613 1.0
10 0.08978494623655914 0.5 0.01827956989247312 1.0
10 0.8591397849462366 0.5 0.017204301075268817 1.0
10 0.7424731182795699 0.5 0.01827956989247312 1.0
10 0.19086021505376344 0.5 0.03118279569892473 1.0
10 0.3365591397849462 0.5 0.03225806451612903 1.0
