19 0.4172043010752688 0.5 0.12258064516129032 1.0
19 0.0032258064516129032 0.5 0.0064516129032258064 1.0
19 0.07741935483870968 0.5 0.021505376344086023 1.0
19 0.967741935483871 0.5 0.06451612903225806 1.0
19 0.15698924731182795 0.5 0.08172043010752689 1.0
19 0.6075268817204301 0.5 0.05161290322580645 1.0
19 0.6602150537634408 0.5 0.05161290322580645 1.0
13 0.7150537634408602 0.5 0.008602150537634409 1.0
13 0.5763440860215053 0.5 0.010752688172043012 1.0
19 0.8172043010752689 0.5 0.07096774193548387 1.0
19 0.2709677419354839 0.5 0.025806451612903226 1.0
