19 0.9962365591397849 0.20157403971013452 0.007526881720430108 0.028891331267348608
19 0.7661290322580645 0.20397034485348595 0.01827956989247312 0.04975461446002733
19 0.8043010752688172 0.20151746693362763 0.03225806451612903 0.06865340302002837
19 0.625268817204301 0.21036994385309601 0.00967741935483871 0.033498414721255906
36 0.5731182795698925 0.1964064424061593 0.015053763440860216 0.06315247979950755
19 0.6833333333333333 0.19744378280578312 0.10215053763440861 0.07150268766427045
19 0.9338709677419355 0.19888098248554337 0.035483870967741936 0.07016222712722223
19 0.31129032258064515 0.19780365660905597 0.03333333333333333 0.08635411413314154
19 0.36612903225806454 0.2020597672571253 0.007526881720430108 0.03470204510301854
19 0.26021505376344084 0.18973538220281788 0.010752688172043012 0.0576513710594939
19 0.2349462365591398 0.20267505184566692 0.02043010752688172 0.0471640284443893
19 0.4053763440860215 0.19523449571494378 0.05591397849462366 0.07107837279239904
19 0.5360215053763441 0.19547021233165318 0.05913978494623656 0.05813396075738531
19 0.13870967741935483 0.19477099602407502 0.023655913978494623 0.0776244185760728
