12 0.6413978494623656 0.21268844313572552 0.013978494623655914 0.07298184579030316
12 0.7317204301075269 0.19742784194826696 0.005376344086021506 0.09447309713061246
12 0.9005376344086021 0.20153123557785382 0.005376344086021506 0.10053505801402461
7 0.23978494623655913 0.2182269823432094 0.0064516129032258064 0.05152154407974381
0 0.44247311827956987 0.2219999036239985 0.011827956989247311 0.05435892481375725
7 0.5854838709677419 0.22785089013646861 0.005376344086021506 0.03744993482938789
12 0.6639784946236559 0.21770341631041207 0.0032258064516129032 0.10585046865909857
19 0.9559139784946237 0.22260417830026177 0.017204301075268817 0.07430763579976282
11 0.9204301075268817 0.22126893777629458 0.021505376344086023 0.07163715475182844
12 0.832258064516129 0.1928277645220519 0.0064516129032258064 0.0920559456353915
7 0.7784946236559139 0.23298858449102178 0.0064516129032258064 0.04289209942838377
12 0.9688172043010753 0.20909355118075046 0.004301075268817204 0.07496461274082421
12 0.7645161290322581 0.20041406266542994 0.008602150537634409 0.10276940383887236
