12 0.882258064516129 0.5 0.02258064516129032 1.0
12 0.4967741935483871 0.5 0.034408602150537634 1.0
12 0.6026881720430107 0.5 0.03118279569892473 1.0
12 0.693010752688172 0.5 0.03333333333333333 1.0
12 0.16612903225806452 0.5 0.03333333333333333 1.0
12 0.40161290322580645 0.5 0.03763440860215054 1.0
12 0.10376344086021505 0.5 0.02903225806451613 1.0
12 0.23709677419354838 0.5 0.03333333333333333 1.0
12 0.026344086021505377 0.5 0.05268817204301075 1.0
12 0.29838709677419356 0.5 0.026881720430107527 1.0
19 0.026881720430107527 0.5 0.0064516129032258064 1.0
