19 0.1478494623655914 0.5 0.02903225806451613 1.0
7 0.05913978494623656 0.5 0.012903225806451613 1.0
19 0.7946236559139785 0.5 0.004301075268817204 1.0
19 0.6612903225806451 0.5 0.017204301075268817 1.0
19 0.4220430107526882 0.5 0.016129032258064516 1.0
7 0.1032258064516129 0.5 0.015053763440860216 1.0
7 0.08010752688172043 0.5 0.011827956989247311 1.0
7 0.025268817204301075 0.5 0.02903225806451613 1.0
7 0.128494623655914 0.5 0.005376344086021506 1.0
19 0.4806451612903226 0.5 0.0064516129032258064 1.0
