0 0.0858194 0.501902 0.171639 0.996195 0.696752
0 0.945577 0.5 0.0308788 1 0.571646
0 0.759313 0.503122 0.036447 0.993757 0.541184
0 0.513988 0.499698 0.0323646 0.999396 0.464274
0 0.0139374 0.499058 0.0268129 0.998116 0.365986
0 0.559723 0.505073 0.0300375 0.989854 0.332252
0 0.531036 0.437686 0.0332487 0.875372 0.293994
0 0.986692 0.498627 0.0266151 0.997254 0.291844
0 0.652812 0.500747 0.0523873 0.998506 0.257373
0 0.587435 0.497235 0.177952 0.994471 0.255848
0 0.739619 0.488333 0.00999336 0.976666 0.219738
0 0.276138 0.499125 0.512539 0.99825 0.209284
0 0.24009 0.497439 0.022127 0.994878 0.208965
