9 0.7645161290322581 0.5 0.002150537634408602 1.0
9 0.7247311827956989 0.5 0.002150537634408602 1.0
9 0.7779569892473118 0.5 0.001075268817204301 1.0
11 0.8419354838709677 0.5 0.0064516129032258064 1.0
9 0.8053763440860215 0.5 0.002150537634408602 1.0
9 0.8193548387096774 0.5 0.002150537634408602 1.0
9 0.986021505376344 0.5 0.002150537634408602 1.0
9 0.832258064516129 0.5 0.002150537634408602 1.0
9 0.7919354838709678 0.5 0.001075268817204301 1.0
11 0.7370967741935484 0.5 0.11720430107526882 1.0
9 0.8596774193548387 0.5 0.001075268817204301 1.0
9 0.943010752688172 0.5 0.002150537634408602 1.0
11 0.14086021505376345 0.5 0.015053763440860216 1.0
9 0.9150537634408602 0.5 0.002150537634408602 1.0
9 0.9010752688172043 0.5 0.002150537634408602 1.0
9 0.9301075268817204 0.5 0.002150537634408602 1.0
9 0.8876344086021506 0.5 0.001075268817204301 1.0
9 0.8736559139784946 0.5 0.001075268817204301 1.0
9 0.6709677419354839 0.5 0.002150537634408602 1.0
9 0.7381720430107527 0.5 0.001075268817204301 1.0
0 0.05967741935483871 0.5 0.005376344086021506 1.0
9 0.956989247311828 0.5 0.002150537634408602 1.0
9 0.9715053763440861 0.5 0.001075268817204301 1.0
11 0.4913978494623656 0.5 0.060215053763440864 1.0
31 0.4220430107526882 0.5 0.001075268817204301 1.0
9 0.8467741935483871 0.5 0.001075268817204301 1.0
9 0.6838709677419355 0.5 0.002150537634408602 1.0
11 0.617741935483871 0.5 0.0913978494623656 1.0
11 0.16720430107526882 0.5 0.024731182795698924 1.0
31 0.40698924731182795 0.5 0.001075268817204301 1.0
31 0.3510752688172043 0.5 0.001075268817204301 1.0
31 0.36666666666666664 0.5 0.002150537634408602 1.0
31 0.39301075268817204 0.5 0.001075268817204301 1.0
31 0.38763440860215054 0.5 0.001075268817204301 1.0
31 0.3817204301075269 0.5 0.002150537634408602 1.0
