12 0.6413978494623656 0.5 0.013978494623655914 1.0
12 0.7317204301075269 0.5 0.005376344086021506 1.0
12 0.9005376344086021 0.5 0.005376344086021506 1.0
7 0.23978494623655913 0.5 0.0064516129032258064 1.0
0 0.44247311827956987 0.5 0.011827956989247311 1.0
7 0.5854838709677419 0.5 0.005376344086021506 1.0
12 0.6639784946236559 0.5 0.0032258064516129032 1.0
19 0.9559139784946237 0.5 0.017204301075268817 1.0
11 0.9204301075268817 0.5 0.021505376344086023 1.0
12 0.832258064516129 0.5 0.0064516129032258064 1.0
7 0.7784946236559139 0.5 0.0064516129032258064 1.0
12 0.9688172043010753 0.5 0.004301075268817204 1.0
12 0.7645161290322581 0.5 0.008602150537634409 1.0
