7 0.6983870967741935 0.21499471652667332 0.011827956989247311 0.06836929900840756
7 0.8333333333333334 0.21994249730279702 0.008602150537634409 0.0689842738048333
10 0.07419354838709677 0.2109328485665358 0.012903225806451613 0.09230933317134604
19 0.20376344086021506 0.21124407967313735 0.005376344086021506 0.06548734941988792
19 0.22688172043010751 0.23116853853252592 0.015053763440860216 0.06797139299472829
19 0.3758064516129032 0.22187934979316218 0.013978494623655914 0.049393015516000796
5 0.6381720430107527 0.23288396581312715 0.013978494623655914 0.03782959754347796
7 0.8005376344086022 0.2219999036239985 0.013978494623655914 0.05435892481375725
19 0.8123655913978495 0.23372005221755437 0.00967741935483871 0.05587553271997487
7 0.9510752688172043 0.21811747747879137 0.011827956989247311 0.046594072523343036
11 0.6209677419354839 0.2047155978958616 0.0032258064516129032 0.08892753627003101
19 0.7790322580645161 0.21434937997979628 0.00967741935483871 0.06965997210216167
19 0.8887096774193548 0.2327629579051727 0.016129032258064516 0.06276389946500573
19 0.853225806451613 0.2052145980911043 0.03333333333333333 0.08663131237904238
7 0.9913978494623656 0.21705384330587743 0.015053763440860216 0.053867822154407746
7 0.760752688172043 0.2158845601005988 0.011827956989247311 0.05620638856496496
19 0.5924731182795699 0.21630441580366783 0.053763440860215055 0.07098869756239656
