0 0.8306451612903226 0.2009706953095149 0.013978494623655914 0.07871804178945684
14 0.8682795698924731 0.16526642836022515 0.035483870967741936 0.05758311948934991
0 0.9112903225806451 0.19395873652170725 0.0032258064516129032 0.09893934414752283
5 0.6698924731182796 0.1755632133082582 0.015053763440860216 0.06572016240935033
35 0.5327956989247312 0.2675683638226428 0.013978494623655914 0.12985991417889312
14 0.5935483870967742 0.16305223664526292 0.034408602150537634 0.06201150291927438
25 0.410752688172043 0.26318659286994217 0.008602150537634409 0.02065878693136517
14 0.7102150537634409 0.1611628366889885 0.024731182795698924 0.058232703006725554
35 0.9629032258064516 0.18458011146773684 0.05268817204301075 0.15584911547035887
14 0.15161290322580645 0.16290625467426614 0.02795698924731183 0.05286277211743189
0 0.6946236559139785 0.17892885899773203 0.008602150537634409 0.109626962331806
0 0.03494623655913978 0.25896019063564873 0.0032258064516129032 0.04953305195505578
0 0.0064516129032258064 0.2603463682112192 0.008602150537634409 0.05838319810770942
14 0.31344086021505374 0.1657715205005165 0.03763440860215054 0.06036734121111815
14 0.18924731182795698 0.15978005766209855 0.03225806451612903 0.05723458504500881
23 0.21129032258064517 0.22796770790334867 0.03978494623655914 0.08663881489768152
14 0.07096774193548387 0.16775087120222498 0.02795698924731183 0.06874486513461235
25 0.3225806451612903 0.2754359618684059 0.023655913978494623 0.025862585330979244
0 0.0935483870967742 0.22619403400377008 0.002150537634408602 0.09241157551380727
25 0.07795698924731183 0.2688369270103579 0.02903225806451613 0.03233033972286746
