26 0.7091397849462365 0.24182606711200955 0.026881720430107527 0.07355474251322766
14 0.6811827956989247 0.16183000134403222 0.03118279569892473 0.05976481399650559
29 0.16129032258064516 0.2029690392345979 0.07311827956989247 0.08813638801290466
0 0.7865591397849462 0.2043508067580793 0.054838709677419356 0.06536118791040194
0 0.12795698924731183 0.24140261409592503 0.03225806451612903 0.0768470962107432
0 0.9876344086021506 0.1955117307990787 0.02043010752688172 0.06344231102004429
0 0.6397849462365591 0.20243478387184363 0.05161290322580645 0.07139532340676243
29 0.7483870967741936 0.19862125492933946 0.021505376344086023 0.045967296620546855
29 0.035483870967741936 0.19229616670450295 0.07096774193548387 0.07263391575671194
0 0.939247311827957 0.19577662598099432 0.024731182795698924 0.0737515615056975
0 0.7774193548387097 0.16475355131668415 0.14193548387096774 0.012783523036525123
26 0.21505376344086022 0.2515444113739022 0.02795698924731183 0.06148115679782968
0 0.896774193548387 0.21407453135041465 0.004301075268817204 0.02631670991737235
29 0.8231182795698925 0.21098404129250112 0.011827956989247311 0.05871663926967942
29 0.3639784946236559 0.1961903205383125 0.1086021505376344 0.09054110955419521
0 0.5145161290322581 0.2009615104321407 0.06559139784946237 0.07434187028616832
27 0.35913978494623655 0.1580729295914181 0.004301075268817204 0.06931192754959342
27 0.27204301075268816 0.19395116240767896 0.017204301075268817 0.09722353810113747
0 0.8666666666666667 0.1843060851582433 0.008602150537634409 0.08369959322215892
29 0.4521505376344086 0.18902244231813037 0.013978494623655914 0.06997226375231104
14 0.8973118279569893 0.16019760659310653 0.024731182795698924 0.0488792563811875
27 0.5956989247311828 0.1925871425330269 0.004301075268817204 0.10218032946327946
