14 0.45645161290322583 0.16896003664081125 0.01827956989247312 0.022910494864527356
0 0.9311827956989247 0.17928767453866107 0.13333333333333333 0.03724315834739843
0 0.7908602150537635 0.18220732380646565 0.08064516129032258 0.0610436566969333
0 0.7397849462365591 0.18293914077550508 0.012903225806451613 0.046656034396125486
0 0.6817204301075269 0.16305525542778335 0.002150537634408602 0.00899575685067896
0 0.3333333333333333 0.2237269928678605 0.017204301075268817 0.020247013436339348
0 0.5112903225806451 0.16570042657809547 0.17311827956989248 0.006899311859307987
0 0.2989247311827957 0.16684448309216196 0.13333333333333333 0.008491805421397769
0 0.17903225806451614 0.20131275773426227 0.007526881720430108 0.056849572224370544
0 0.621505376344086 0.2044228370134175 0.01935483870967742 0.02405398843714862
0 0.12365591397849462 0.1665003959859434 0.16989247311827957 0.00849925067500388
