29 0.40161290322580645 0.19587921567650662 0.04408602150537634 0.071040675413838
0 0.31666666666666665 0.1643080775437103 0.03978494623655914 0.010714557575570634
7 0.3118279569892473 0.2221741800408891 0.06666666666666667 0.06002161003184185
7 0.07903225806451612 0.2223245387156293 0.06129032258064516 0.054220745765206
0 0.38225806451612904 0.28007451629885666 0.00967741935483871 0.04686392066440802
29 0.2731182795698925 0.21086371152848163 0.002150537634408602 0.05472072153024726
0 0.45376344086021503 0.2573481227141088 0.010752688172043012 0.0653608818808188
0 0.29838709677419356 0.22294231381091728 0.0032258064516129032 0.039195526499480916
17 0.3897849462365591 0.22567703822978993 0.005376344086021506 0.03496071421086152
0 0.2510752688172043 0.21890077891699083 0.0032258064516129032 0.07548355409932361
0 0.3139784946236559 0.2287985182240425 0.004301075268817204 0.03795170281740191
29 0.24086021505376345 0.22849513554070286 0.002150537634408602 0.043840219293258785
7 0.210752688172043 0.2173899836378303 0.03225806451612903 0.05203642459556824
0 0.23279569892473118 0.24459511103831424 0.00967741935483871 0.07604017028848153
29 0.48440860215053766 0.18936290207051312 0.08709677419354839 0.0656053596707143
7 0.2564516129032258 0.20345447281735593 0.013978494623655914 0.050820373546416164
0 0.03118279569892473 0.19406210657051856 0.008602150537634409 0.09159567716746689
7 0.037096774193548385 0.2015603112809388 0.011827956989247311 0.04223736036851081
0 0.011827956989247311 0.21690165309800177 0.023655913978494623 0.09422912111763654
0 0.06935483870967742 0.16308569463120728 0.02258064516129032 0.02061854417055308
29 0.06344086021505377 0.20247387836115951 0.004301075268817204 0.061245620818335976
0 0.10483870967741936 0.20002713983284917 0.04838709677419355 0.039295960784080604
7 0.4026881720430108 0.22430151785491892 0.007526881720430108 0.06110440065232944
0 0.18655913978494623 0.19122731368149115 0.013978494623655914 0.060213662839176944
7 0.639247311827957 0.22371715959497857 0.007526881720430108 0.05516402012271794
0 0.30483870967741933 0.27135369922851704 0.00967741935483871 0.016772578043146098
7 0.785483870967742 0.19808881165144707 0.01827956989247312 0.06323876751278602
9 0.4338709677419355 0.16420268198412466 0.5838709677419355 0.05433817871184303
7 0.7473118279569892 0.22554304218550558 0.043010752688172046 0.06040819755321659
7 0.8010752688172043 0.22502191827263043 0.0064516129032258064 0.03851216725503751
23 0.789247311827957 0.24434825706644378 0.0064516129032258064 0.08039532535551763
0 0.789247311827957 0.24434825706644378 0.0064516129032258064 0.08039532535551763
0 0.3473118279569892 0.22227609359371656 0.0064516129032258064 0.04749324059942405
5 0.9908602150537634 0.2489457881401533 0.005376344086021506 0.06349974594677546
7 0.8795698924731182 0.20258210218388623 0.015053763440860216 0.047520552020660946
7 0.8333333333333334 0.2064220194429405 0.012903225806451613 0.05675546679758534
0 0.8559139784946237 0.19438510848978408 0.0064516129032258064 0.05889441377205918
29 0.9290322580645162 0.19244048801676197 0.13548387096774195 0.06111560437804948
7 0.45376344086021503 0.21407676453677618 0.015053763440860216 0.06739521019193459
5 0.8897849462365591 0.24370959517376925 0.013978494623655914 0.05137703679416418
0 0.8188172043010753 0.2344175988879072 0.011827956989247311 0.042659084148413386
14 0.7672043010752688 0.15829999345801754 0.016129032258064516 0.04104366543107642
1 0.810752688172043 0.20483861651452184 0.0064516129032258064 0.07367001632678362
7 0.6865591397849462 0.21550340561518289 0.01827956989247312 0.07336315888325429
7 0.5913978494623656 0.22140373759707688 0.008602150537634409 0.04574852860614467
7 0.9833333333333333 0.2030017884065123 0.011827956989247311 0.04835992446591313
1 0.7569892473118279 0.20860384236384344 0.0064516129032258064 0.07658766155952988
7 0.4967741935483871 0.22599074968777497 0.0064516129032258064 0.06130361255775534
7 0.535483870967742 0.21271850188373911 0.010752688172043012 0.06311900003282019
29 0.5532258064516129 0.1827304304339304 0.005376344086021506 0.044698240451003665
0 0.5682795698924731 0.19848180133056206 0.005376344086021506 0.07776774459586613
29 0.6478494623655914 0.19648019923480559 0.06559139784946237 0.06308459526210224
23 0.621505376344086 0.24059895193523118 0.012903225806451613 0.06317967077141731
0 0.5376344086021505 0.25767640137734643 0.008602150537634409 0.05762348357356485
