0 0.878494623655914 0.21943221812419242 0.03225806451612903 0.050516700155434295
31 0.6333333333333333 0.2005519757546511 0.02795698924731183 0.09504668524825433
0 0.6419354838709678 0.21002899557703283 0.0064516129032258064 0.05759835542734302
0 0.9451612903225807 0.21872892891811455 0.04086021505376344 0.06894785563396369
31 0.9016129032258065 0.20135848152922453 0.016129032258064516 0.10541018855382561
0 0.85 0.20424091416509088 0.007526881720430108 0.06254067208445063
0 0.6881720430107527 0.21314592860934942 0.0064516129032258064 0.0698587795388577
0 0.8129032258064516 0.20758050127435068 0.04516129032258064 0.054210226559862656
0 0.7688172043010753 0.20266965709978688 0.0064516129032258064 0.06238353314748175
31 0.739247311827957 0.1858965226509516 0.01827956989247312 0.08609676089913772
31 0.7032258064516129 0.19285981329668386 0.01935483870967742 0.08695702137985635
31 0.8473118279569892 0.1929865543246525 0.030107526881720432 0.10172375153093577
27 0.6516129032258065 0.19485601471074054 0.004301075268817204 0.09966910698233807
31 0.9897849462365591 0.18825684765287642 0.01827956989247312 0.0879206009258847
27 0.5951612903225807 0.20454639318442058 0.0032258064516129032 0.10595648487636612
31 0.18494623655913978 0.19539139720746992 0.017204301075268817 0.06710701178610105
31 0.5349462365591398 0.18952730982412852 0.024731182795698924 0.07883518655278385
0 0.6053763440860215 0.21132212223962538 0.023655913978494623 0.061693468490412046
31 0.4381720430107527 0.2056632344887047 0.001075268817204301 0.05639637836964613
31 0.02956989247311828 0.19431821746029446 0.041935483870967745 0.08404021305263518
0 0.432258064516129 0.19676205399442012 0.004301075268817204 0.08746684172779236
0 0.4172043010752688 0.2155307991128452 0.002150537634408602 0.054954154420284694
0 0.5532258064516129 0.20836290571722033 0.03978494623655914 0.06928994121153442
1 0.02795698924731183 0.17799687325528973 0.008602150537634409 0.046881166290837356
31 0.08172043010752689 0.19154130643477948 0.012903225806451613 0.07561089563621601
27 0.2118279569892473 0.19228750877613487 0.012903225806451613 0.09308132902913897
31 0.40860215053763443 0.18794336361549663 0.012903225806451613 0.09019044282822779
31 0.30591397849462365 0.19628899104469702 0.016129032258064516 0.11554916952288063
31 0.339247311827957 0.19349186274412944 0.024731182795698924 0.08238750362030514
0 0.3956989247311828 0.1897556588804969 0.004301075268817204 0.08656585229822727
31 0.4650537634408602 0.18920936598907406 0.005376344086021506 0.06650655449206129
1 0.2295698924731183 0.19235005677550998 0.02258064516129032 0.08302273379603553
