29 0.603225806451613 0.19023132570492413 0.043010752688172046 0.06949636784947606
14 0.7951612903225806 0.15748694478190367 0.024731182795698924 0.05216920061048978
29 0.5048387096774194 0.1936452774524107 0.02043010752688172 0.08027041155524771
14 0.31344086021505374 0.16322563187857234 0.026881720430107527 0.05848934558621915
29 0.26505376344086023 0.18776178997989923 0.02043010752688172 0.06718896342071809
14 0.4962365591397849 0.163638768277022 0.03118279569892473 0.06318456618279257
0 0.2860215053763441 0.18239737807068626 0.012903225806451613 0.06695214920453348
29 0.3155913978494624 0.18878104702494078 0.03763440860215054 0.07316839528939259
14 0.6655913978494624 0.162558809995902 0.025806451612903226 0.058446055297120485
0 0.25053763440860216 0.16282263327654217 0.004301075268817204 0.022563438446432674
14 0.4172043010752688 0.1568071956512198 0.017204301075268817 0.050809702349122056
29 0.843010752688172 0.19303095158870606 0.15268817204301074 0.08298007507076047
29 0.7048387096774194 0.1885530545254339 0.03763440860215054 0.07139962436175563
29 0.1575268817204301 0.1980314463362887 0.11720430107526882 0.08641288667667073
26 0.9940860215053764 0.23167568518267218 0.00967741935483871 0.043512883329560714
29 0.06344086021505377 0.18746609731095562 0.03225806451612903 0.06922570993279907
29 0.40913978494623654 0.1805429181151302 0.11505376344086021 0.08277582861565956
14 0.5424731182795699 0.161830580508115 0.026881720430107527 0.0544082559266974
26 0.960752688172043 0.24155986903312804 0.024731182795698924 0.050471505706790994
29 0.964516129032258 0.189507991970273 0.03225806451612903 0.08117337700370693
14 0.9268817204301075 0.16080385340037356 0.030107526881720432 0.05235480171121451
14 0.17849462365591398 0.15911660742484623 0.025806451612903226 0.05027129667876695
