5 0.0989247311827957 0.5 0.0989247311827957 1.0
26 0.01827956989247312 0.5 0.03655913978494624 1.0
26 0.2075268817204301 0.5 0.030107526881720432 1.0
26 0.8693548387096774 0.5 0.03763440860215054 1.0
14 0.3161290322580645 0.5 0.017204301075268817 1.0
14 0.9096774193548387 0.5 0.02795698924731183 1.0
14 0.7849462365591398 0.5 0.021505376344086023 1.0
14 0.8467741935483871 0.5 0.02258064516129032 1.0
14 0.3704301075268817 0.5 0.02903225806451613 1.0
14 0.4236559139784946 0.5 0.025806451612903226 1.0
14 0.006989247311827957 0.5 0.013978494623655914 1.0
14 0.5612903225806452 0.5 0.021505376344086023 1.0
