28 0.9758064516129032 0.5 0.01827956989247312 1.0
0 0.31451612903225806 0.5 0.005376344086021506 1.0
0 0.34086021505376346 0.5 0.0064516129032258064 1.0
14 0.3919354838709677 0.5 0.03118279569892473 1.0
19 0.4376344086021505 0.5 0.043010752688172046 1.0
23 0.4220430107526882 0.5 0.007526881720430108 1.0
19 0.4935483870967742 0.5 0.03870967741935484 1.0
23 0.46720430107526884 0.5 0.011827956989247311 1.0
26 0.5123655913978494 0.5 0.02258064516129032 1.0
14 0.5241935483870968 0.5 0.035483870967741936 1.0
23 0.5166666666666667 0.5 0.013978494623655914 1.0
0 0.5639784946236559 0.5 0.007526881720430108 1.0
19 0.5553763440860215 0.5 0.024731182795698924 1.0
14 0.4327956989247312 0.5 0.02903225806451613 1.0
1 0.2967741935483871 0.5 0.01935483870967742 1.0
5 0.1543010752688172 0.5 0.026881720430107527 1.0
1 0.2672043010752688 0.5 0.01827956989247312 1.0
9 0.5086021505376344 0.5 0.5698924731182796 1.0
14 0.23279569892473118 0.5 0.024731182795698924 1.0
28 0.20967741935483872 0.5 0.01935483870967742 1.0
35 0.19838709677419356 0.5 0.0032258064516129032 1.0
26 0.19086021505376344 0.5 0.00967741935483871 1.0
0 0.5919354838709677 0.5 0.005376344086021506 1.0
0 0.603763440860215 0.5 0.011827956989247311 1.0
14 0.6419354838709678 0.5 0.017204301075268817 1.0
28 0.6559139784946236 0.5 0.017204301075268817 1.0
5 0.021505376344086023 0.5 0.043010752688172046 1.0
26 0.2817204301075269 0.5 0.01935483870967742 1.0
23 0.5774193548387097 0.5 0.01935483870967742 1.0
23 0.9913978494623656 0.5 0.015053763440860216 1.0
14 0.28279569892473116 0.5 0.030107526881720432 1.0
28 0.3096774193548387 0.5 0.017204301075268817 1.0
19 0.7784946236559139 0.5 0.03870967741935484 1.0
14 0.7505376344086021 0.5 0.021505376344086023 1.0
0 0.8252688172043011 0.5 0.024731182795698924 1.0
35 0.8209677419354838 0.5 0.00967741935483871 1.0
9 0.9086021505376344 0.5 0.17849462365591398 1.0
0 0.1478494623655914 0.5 0.02903225806451613 1.0
23 0.8596774193548387 0.5 0.01827956989247312 1.0
0 0.85 0.5 0.011827956989247311 1.0
0 0.8709677419354839 0.5 0.012903225806451613 1.0
14 0.882258064516129 0.5 0.03333333333333333 1.0
0 0.8924731182795699 0.5 0.008602150537634409 1.0
14 0.7956989247311828 0.5 0.017204301075268817 1.0
23 0.921505376344086 0.5 0.025806451612903226 1.0
0 0.853225806451613 0.5 0.03118279569892473 1.0
0 0.9741935483870968 0.5 0.017204301075268817 1.0
35 0.8075268817204301 0.5 0.0064516129032258064 1.0
14 0.13763440860215054 0.5 0.010752688172043012 1.0
14 0.725268817204301 0.5 0.02258064516129032 1.0
23 0.7236559139784946 0.5 0.02795698924731183 1.0
26 0.6940860215053763 0.5 0.02258064516129032 1.0
23 0.6559139784946236 0.5 0.010752688172043012 1.0
26 0.8279569892473119 0.5 0.01935483870967742 1.0
26 0.0032258064516129032 0.5 0.0064516129032258064 1.0
26 0.08978494623655914 0.5 0.011827956989247311 1.0
5 0.11666666666666667 0.5 0.0032258064516129032 1.0
28 0.11505376344086021 0.5 0.025806451612903226 1.0
14 0.07365591397849462 0.5 0.046236559139784944 1.0
28 0.03924731182795699 0.5 0.02043010752688172 1.0
19 0.0032258064516129032 0.5 0.004301075268817204 1.0
14 0.9510752688172043 0.5 0.01827956989247312 1.0
28 0.7424731182795699 0.5 0.016129032258064516 1.0
23 0.8053763440860215 0.5 0.012903225806451613 1.0
