38 0.5048387096774194 0.5 0.007526881720430108 1.0
38 0.18655913978494623 0.5 0.00967741935483871 1.0
14 0.4946236559139785 0.5 0.015053763440860216 1.0
23 0.5365591397849462 0.5 0.01935483870967742 1.0
14 0.5381720430107527 0.5 0.026881720430107527 1.0
28 0.4956989247311828 0.5 0.034408602150537634 1.0
0 0.4908602150537634 0.5 0.035483870967741936 1.0
38 0.471505376344086 0.5 0.005376344086021506 1.0
23 0.45161290322580644 0.5 0.012903225806451613 1.0
28 0.5618279569892473 0.5 0.03333333333333333 1.0
38 0.44086021505376344 0.5 0.0064516129032258064 1.0
26 0.443010752688172 0.5 0.010752688172043012 1.0
28 0.6376344086021506 0.5 0.06236559139784946 1.0
14 0.5827956989247312 0.5 0.021505376344086023 1.0
23 0.0489247311827957 0.5 0.02258064516129032 1.0
14 0.9935483870967742 0.5 0.010752688172043012 1.0
9 0.6978494623655914 0.5 0.08817204301075268 1.0
23 0.9365591397849462 0.5 0.01935483870967742 1.0
23 0.6752688172043011 0.5 0.015053763440860216 1.0
28 0.7118279569892473 0.5 0.01935483870967742 1.0
23 0.8731182795698925 0.5 0.004301075268817204 1.0
0 0.8806451612903226 0.5 0.03655913978494624 1.0
23 0.6069892473118279 0.5 0.016129032258064516 1.0
23 0.7994623655913978 0.5 0.02258064516129032 1.0
0 0.9258064516129032 0.5 0.017204301075268817 1.0
14 0.7505376344086021 0.5 0.030107526881720432 1.0
26 0.4010752688172043 0.5 0.015053763440860216 1.0
0 0.4521505376344086 0.5 0.03118279569892473 1.0
14 0.6650537634408602 0.5 0.0978494623655914 1.0
14 0.8268817204301075 0.5 0.10752688172043011 1.0
14 0.43333333333333335 0.5 0.023655913978494623 1.0
9 0.44247311827956987 0.5 0.07204301075268817 1.0
28 0.956989247311828 0.5 0.04946236559139785 1.0
38 0.5381720430107527 0.5 0.005376344086021506 1.0
14 0.19301075268817205 0.5 0.02043010752688172 1.0
28 0.8225806451612904 0.5 0.11182795698924732 1.0
28 0.16344086021505377 0.5 0.025806451612903226 1.0
28 0.016666666666666666 0.5 0.026881720430107527 1.0
38 0.13602150537634408 0.5 0.005376344086021506 1.0
38 0.22634408602150538 0.5 0.007526881720430108 1.0
26 0.08817204301075268 0.5 0.025806451612903226 1.0
38 0.06827956989247312 0.5 0.00967741935483871 1.0
28 0.0913978494623656 0.5 0.06881720430107527 1.0
0 0.07634408602150537 0.5 0.04086021505376344 1.0
9 0.17526881720430107 0.5 0.35053763440860214 1.0
26 0.13440860215053763 0.5 0.012903225806451613 1.0
14 0.01881720430107527 0.5 0.02903225806451613 1.0
28 0.04139784946236559 0.5 0.02043010752688172 1.0
26 0.19946236559139785 0.5 0.013978494623655914 1.0
26 0.4236559139784946 0.5 0.015053763440860216 1.0
38 0.02849462365591398 0.5 0.00967741935483871 1.0
38 0.2537634408602151 0.5 0.008602150537634409 1.0
38 0.39946236559139786 0.5 0.00967741935483871 1.0
38 0.3096774193548387 0.5 0.008602150537634409 1.0
23 0.20806451612903226 0.5 0.02903225806451613 1.0
28 0.16774193548387098 0.5 0.05591397849462366 1.0
9 0.3774193548387097 0.5 0.002150537634408602 1.0
23 0.3870967741935484 0.5 0.0064516129032258064 1.0
26 0.3725806451612903 0.5 0.01827956989247312 1.0
38 0.3580645161290323 0.5 0.008602150537634409 1.0
14 0.3521505376344086 0.5 0.026881720430107527 1.0
5 0.36666666666666664 0.5 0.0967741935483871 1.0
23 0.30806451612903224 0.5 0.01827956989247312 1.0
28 0.3790322580645161 0.5 0.024731182795698924 1.0
27 0.2752688172043011 0.5 0.004301075268817204 1.0
14 0.9564516129032258 0.5 0.024731182795698924 1.0
26 0.2537634408602151 0.5 0.01935483870967742 1.0
28 0.2693548387096774 0.5 0.07419354838709677 1.0
0 0.2564516129032258 0.5 0.07849462365591398 1.0
14 0.139247311827957 0.5 0.03333333333333333 1.0
14 0.31129032258064515 0.5 0.024731182795698924 1.0
14 0.3849462365591398 0.5 0.021505376344086023 1.0
