31 0.8666666666666667 0.22454955824301975 0.017204301075268817 0.053277193825488116
31 0.06827956989247312 0.1966098894615059 0.026881720430107527 0.021224167564946484
6 0.7064516129032258 0.2208603878189526 0.04516129032258064 0.10920718211093178
31 0.35161290322580646 0.24197818093606802 0.021505376344086023 0.09366935870539313
31 0.9010752688172043 0.2285099949699867 0.012903225806451613 0.03315873080215404
31 0.40053763440860213 0.2062266423831128 0.024731182795698924 0.06569347663276773
31 0.2806451612903226 0.23118471459823045 0.023655913978494623 0.06284467258488986
14 0.1817204301075269 0.21626704141515604 0.0064516129032258064 0.06937669986441238
14 0.22688172043010751 0.18287993750361256 0.002150537634408602 0.01517359041734452
31 0.46774193548387094 0.19904828477957112 0.015053763440860216 0.03335327915621202
31 0.16612903225806452 0.21247294257281138 0.02258064516129032 0.01798361349844585
31 0.11236559139784946 0.21578975558355917 0.03118279569892473 0.017135564679160036
31 0.23709677419354838 0.2728748736366491 0.054838709677419356 0.2622552362342227
0 0.2586021505376344 0.1769028048958574 0.041935483870967745 0.0477219803924688
0 0.5596774193548387 0.26325061786712295 0.046236559139784944 0.10829919625698037
31 0.023118279569892472 0.17606876922932965 0.026881720430107527 0.0035884681307833907
