14 0.22096774193548388 0.24548088654292322 0.03333333333333333 0.07270992764229708
14 0.9010752688172043 0.21811747747879137 0.021505376344086023 0.046594072523343036
30 0.5747311827956989 0.27659578062355156 0.00967741935483871 0.03367556884681677
14 0.760752688172043 0.20625420940588554 0.03333333333333333 0.060113378330623184
14 0.7215053763440861 0.2046947242952517 0.017204301075268817 0.043136110162124965
30 0.656989247311828 0.2638196535206549 0.015053763440860216 0.008123314641023406
14 0.8134408602150538 0.18666042309015662 0.016129032258064516 0.016320036253926463
0 0.6881720430107527 0.22505748936238054 0.008602150537634409 0.012407883146613438
14 0.6172043010752688 0.22847041911765248 0.047311827956989246 0.06257515416498141
14 0.1064516129032258 0.1901237880607269 0.021505376344086023 0.004684844485221144
14 0.5048387096774194 0.24570765389015764 0.03333333333333333 0.0779772943522701
14 0.06827956989247312 0.24311410685147142 0.02903225806451613 0.03866511327904227
14 0.012903225806451613 0.20688906581227617 0.017204301075268817 0.028845711017877355
14 0.4360215053763441 0.20215195409472708 0.016129032258064516 0.03340318738869344
14 0.978494623655914 0.2067378364053145 0.030107526881720432 0.009609396743030752
30 0.43333333333333335 0.32937031430408675 0.017204301075268817 0.0777523368295165
