0 0.3338709677419355 0.19775687383398713 0.005376344086021506 0.014993337671805886
14 0.2682795698924731 0.2047969979966383 0.02043010752688172 0.020574308908379635
0 0.40698924731182795 0.2069124784204489 0.02043010752688172 0.011062940495558128
14 0.8736559139784946 0.1788943602728797 0.016129032258064516 0.03188093310189018
0 0.3489247311827957 0.21730897375056965 0.0032258064516129032 0.008847196012966841
0 0.37526881720430105 0.17820020010442472 0.002150537634408602 0.011465358822246821
14 0.7827956989247312 0.26956539368290344 0.02795698924731183 0.1407473817261868
14 0.5370967741935484 0.21066103959122154 0.026881720430107527 0.049250286784715415
14 0.6989247311827957 0.16885697176363315 0.017204301075268817 0.005152592790376375
14 0.603225806451613 0.24501949650459984 0.023655913978494623 0.07404963821963419
