31 0.9494623655913978 0.22014923539865883 0.010752688172043012 0.017213401243657837
31 0.0967741935483871 0.22254673576658257 0.023655913978494623 0.002469628890735446
31 0.7940860215053763 0.23532615618696998 0.016129032258064516 0.032945216795792306
31 0.18118279569892473 0.26407748718104057 0.02258064516129032 0.07064310232110563
0 0.4978494623655914 0.17735561252641513 0.002150537634408602 0.006908908992108814
0 0.8198924731182796 0.23157426653613264 0.00967741935483871 0.03521019898948895
31 0.6166666666666667 0.20432607237391087 0.02043010752688172 0.0047858686802234275
31 0.7150537634408602 0.21296938902782475 0.01935483870967742 0.03157309398532596
0 0.43870967741935485 0.2140154640176187 0.002150537634408602 0.014592914607192265
31 0.3779569892473118 0.2646749416145381 0.01827956989247312 0.051638408549580836
31 0.8618279569892473 0.25457324910451906 0.02903225806451613 0.09570848478099295
31 0.5252688172043011 0.22380474190478078 0.024731182795698924 0.009902388231413924
31 0.46559139784946235 0.20924738167818832 0.030107526881720432 0.024129079286053068
