14 0.5306451612903226 0.2062748509700927 0.02043010752688172 0.01908049546029183
0 0.07956989247311828 0.2014509657144297 0.017204301075268817 0.0018931571891450897
6 0.9413978494623656 0.2742957018505984 0.03333333333333333 0.093444505760797
14 0.8795698924731182 0.2161490284793022 0.030107526881720432 0.03882885047871083
2 0.6913978494623656 0.22352248242180298 0.07526881720430108 0.06107309639080698
0 0.15806451612903225 0.21010531559172493 0.015053763440860216 0.019201856943735534
14 0.624731182795699 0.19874944599490715 0.021505376344086023 0.02640218876743621
14 0.7682795698924731 0.2011330894018303 0.026881720430107527 0.056851759521692365
0 0.3849462365591398 0.25477918022740764 0.023655913978494623 0.12731986159863276
14 0.41559139784946236 0.20719197319210203 0.02258064516129032 0.01337517214448977
0 0.27419354838709675 0.19392181017809318 0.008602150537634409 0.0018717519033874027
0 0.4645161290322581 0.2132698635158213 0.015053763440860216 0.04056785857884369
14 0.2252688172043011 0.2100402051305172 0.026881720430107527 0.00767870826765949
14 0.34301075268817205 0.19026177366507407 0.01935483870967742 0.020485226909566136
