14 0.22096774193548388 0.5 0.03333333333333333 1.0
14 0.9010752688172043 0.5 0.021505376344086023 1.0
30 0.5747311827956989 0.5 0.00967741935483871 1.0
14 0.760752688172043 0.5 0.03333333333333333 1.0
14 0.7215053763440861 0.5 0.017204301075268817 1.0
30 0.656989247311828 0.5 0.015053763440860216 1.0
14 0.8134408602150538 0.5 0.016129032258064516 1.0
0 0.6881720430107527 0.5 0.008602150537634409 1.0
14 0.6172043010752688 0.5 0.047311827956989246 1.0
14 0.1064516129032258 0.5 0.021505376344086023 1.0
14 0.5048387096774194 0.5 0.03333333333333333 1.0
14 0.06827956989247312 0.5 0.02903225806451613 1.0
14 0.012903225806451613 0.5 0.017204301075268817 1.0
14 0.4360215053763441 0.5 0.016129032258064516 1.0
14 0.978494623655914 0.5 0.030107526881720432 1.0
30 0.43333333333333335 0.5 0.017204301075268817 1.0
