31 0.9494623655913978 0.5 0.010752688172043012 1.0
31 0.0967741935483871 0.5 0.023655913978494623 1.0
31 0.7940860215053763 0.5 0.016129032258064516 1.0
31 0.18118279569892473 0.5 0.02258064516129032 1.0
0 0.4978494623655914 0.5 0.002150537634408602 1.0
0 0.8198924731182796 0.5 0.00967741935483871 1.0
31 0.6166666666666667 0.5 0.02043010752688172 1.0
31 0.7150537634408602 0.5 0.01935483870967742 1.0
0 0.43870967741935485 0.5 0.002150537634408602 1.0
31 0.3779569892473118 0.5 0.01827956989247312 1.0
31 0.8618279569892473 0.5 0.02903225806451613 1.0
31 0.5252688172043011 0.5 0.024731182795698924 1.0
31 0.46559139784946235 0.5 0.030107526881720432 1.0
