0 0.3338709677419355 0.5 0.005376344086021506 1.0
14 0.2682795698924731 0.5 0.02043010752688172 1.0
0 0.40698924731182795 0.5 0.02043010752688172 1.0
14 0.8736559139784946 0.5 0.016129032258064516 1.0
0 0.3489247311827957 0.5 0.0032258064516129032 1.0
0 0.37526881720430105 0.5 0.002150537634408602 1.0
14 0.7827956989247312 0.5 0.02795698924731183 1.0
14 0.5370967741935484 0.5 0.026881720430107527 1.0
14 0.6989247311827957 0.5 0.017204301075268817 1.0
14 0.603225806451613 0.5 0.023655913978494623 1.0
