28 0.2924731182795699 0.5 0.008602150537634409 1.0
28 0.49838709677419357 0.5 0.007526881720430108 1.0
28 0.04032258064516129 0.5 0.00967741935483871 1.0
28 0.26129032258064516 0.5 0.004301075268817204 1.0
6 0.6537634408602151 0.5 0.04086021505376344 1.0
0 0.6295698924731182 0.5 0.016129032258064516 1.0
28 0.3602150537634409 0.5 0.008602150537634409 1.0
28 0.40860215053763443 0.5 0.012903225806451613 1.0
28 0.4553763440860215 0.5 0.00967741935483871 1.0
28 0.08010752688172043 0.5 0.013978494623655914 1.0
28 0.8064516129032258 0.5 0.008602150537634409 1.0
28 0.3231182795698925 0.5 0.013978494623655914 1.0
28 0.8370967741935483 0.5 0.005376344086021506 1.0
28 0.8774193548387097 0.5 0.008602150537634409 1.0
28 0.9887096774193549 0.5 0.01827956989247312 1.0
28 0.7204301075268817 0.5 0.012903225806451613 1.0
28 0.20967741935483872 0.5 0.0064516129032258064 1.0
28 0.689247311827957 0.5 0.008602150537634409 1.0
28 0.004838709677419355 0.5 0.007526881720430108 1.0
28 0.6741935483870968 0.5 0.008602150537634409 1.0
28 0.7612903225806451 0.5 0.010752688172043012 1.0
28 0.16236559139784945 0.5 0.008602150537634409 1.0
