31 0.8666666666666667 0.5 0.017204301075268817 1.0
31 0.06827956989247312 0.5 0.026881720430107527 1.0
6 0.7064516129032258 0.5 0.04516129032258064 1.0
31 0.35161290322580646 0.5 0.021505376344086023 1.0
31 0.9010752688172043 0.5 0.012903225806451613 1.0
31 0.40053763440860213 0.5 0.024731182795698924 1.0
31 0.2806451612903226 0.5 0.023655913978494623 1.0
14 0.1817204301075269 0.5 0.0064516129032258064 1.0
14 0.22688172043010751 0.5 0.002150537634408602 1.0
31 0.46774193548387094 0.5 0.015053763440860216 1.0
31 0.16612903225806452 0.5 0.02258064516129032 1.0
31 0.11236559139784946 0.5 0.03118279569892473 1.0
31 0.23709677419354838 0.5 0.054838709677419356 1.0
0 0.2586021505376344 0.5 0.041935483870967745 1.0
0 0.5596774193548387 0.5 0.046236559139784944 1.0
31 0.023118279569892472 0.5 0.026881720430107527 1.0
