0 0.9241935483870968 0.5 0.04838709677419355 1.0
9 0.953763440860215 0.5 0.07096774193548387 1.0
1 0.9543010752688172 0.5 0.005376344086021506 1.0
0 0.9758064516129032 0.5 0.03118279569892473 1.0
1 0.9833333333333333 0.5 0.03333333333333333 1.0
0 0.8580645161290322 0.5 0.008602150537634409 1.0
1 0.7021505376344086 0.5 0.012903225806451613 1.0
37 0.821505376344086 0.5 0.008602150537634409 1.0
0 0.2446236559139785 0.5 0.06774193548387097 1.0
0 0.1446236559139785 0.5 0.026881720430107527 1.0
0 0.12473118279569892 0.5 0.004301075268817204 1.0
0 0.7478494623655914 0.5 0.0032258064516129032 1.0
14 0.0467741935483871 0.5 0.02043010752688172 1.0
28 0.7698924731182796 0.5 0.0064516129032258064 1.0
37 0.760752688172043 0.5 0.011827956989247311 1.0
9 0.8327956989247312 0.5 0.01827956989247312 1.0
35 0.8150537634408602 0.5 0.0064516129032258064 1.0
1 0.07204301075268817 0.5 0.043010752688172046 1.0
9 0.06989247311827956 0.5 0.017204301075268817 1.0
0 0.8774193548387097 0.5 0.010752688172043012 1.0
0 0.1053763440860215 0.5 0.008602150537634409 1.0
9 0.1639784946236559 0.5 0.0978494623655914 1.0
28 0.803763440860215 0.5 0.00967741935483871 1.0
0 0.8021505376344086 0.5 0.030107526881720432 1.0
19 0.7827956989247312 0.5 0.0064516129032258064 1.0
14 0.0989247311827957 0.5 0.030107526881720432 1.0
14 0.8543010752688172 0.5 0.024731182795698924 1.0
37 0.8478494623655914 0.5 0.011827956989247311 1.0
9 0.4731182795698925 0.5 0.21935483870967742 1.0
0 0.01129032258064516 0.5 0.013978494623655914 1.0
1 0.02204301075268817 0.5 0.007526881720430108 1.0
0 0.02903225806451613 0.5 0.012903225806451613 1.0
25 0.035483870967741936 0.5 0.010752688172043012 1.0
9 0.23172043010752688 0.5 0.016129032258064516 1.0
37 0.7150537634408602 0.5 0.012903225806451613 1.0
0 0.34623655913978496 0.5 0.0989247311827957 1.0
0 0.8295698924731183 0.5 0.007526881720430108 1.0
0 0.5672043010752689 0.5 0.03118279569892473 1.0
0 0.5849462365591398 0.5 0.004301075268817204 1.0
0 0.5935483870967742 0.5 0.008602150537634409 1.0
0 0.7424731182795699 0.5 0.001075268817204301 1.0
0 0.7435483870967742 0.5 0.005376344086021506 1.0
28 0.7247311827956989 0.5 0.008602150537634409 1.0
0 0.4596774193548387 0.5 0.013978494623655914 1.0
1 0.5467741935483871 0.5 0.005376344086021506 1.0
0 0.7220430107526882 0.5 0.1924731182795699 1.0
1 0.6064516129032258 0.5 0.004301075268817204 1.0
9 0.7026881720430107 0.5 0.22258064516129034 1.0
0 0.42258064516129035 0.5 0.008602150537634409 1.0
0 0.34946236559139787 0.5 0.08387096774193549 1.0
28 0.696236559139785 0.5 0.007526881720430108 1.0
0 0.489247311827957 0.5 0.10967741935483871 1.0
0 0.4129032258064516 0.5 0.02795698924731183 1.0
9 0.31666666666666665 0.5 0.07419354838709677 1.0
0 0.6790322580645162 0.5 0.02258064516129032 1.0
28 0.6559139784946236 0.5 0.0064516129032258064 1.0
1 0.6413978494623656 0.5 0.005376344086021506 1.0
37 0.6381720430107527 0.5 0.02258064516129032 1.0
0 0.015053763440860216 0.5 0.0064516129032258064 1.0
