0 0.8263440860215053 0.5 0.03763440860215054 1.0
0 0.4456989247311828 0.5 0.041935483870967745 1.0
5 0.8994623655913978 0.5 0.06129032258064516 1.0
0 0.8446236559139785 0.5 0.007526881720430108 1.0
23 0.8317204301075268 0.5 0.00967741935483871 1.0
0 0.7478494623655914 0.5 0.02043010752688172 1.0
0 0.7231182795698925 0.5 0.001075268817204301 1.0
0 0.7451612903225806 0.5 0.11827956989247312 1.0
1 0.6645161290322581 0.5 0.015053763440860216 1.0
0 0.6860215053763441 0.5 0.07526881720430108 1.0
0 0.582258064516129 0.5 0.01827956989247312 1.0
0 0.513978494623656 0.5 0.0064516129032258064 1.0
0 0.8994623655913978 0.5 0.06129032258064516 1.0
5 0.9951612903225806 0.5 0.005376344086021506 1.0
0 0.16989247311827957 0.5 0.002150537634408602 1.0
0 0.023655913978494623 0.5 0.03225806451612903 1.0
0 0.25806451612903225 0.5 0.010752688172043012 1.0
9 0.1924731182795699 0.5 0.002150537634408602 1.0
9 0.1349462365591398 0.5 0.013978494623655914 1.0
9 0.01935483870967742 0.5 0.025806451612903226 1.0
0 0.5956989247311828 0.5 0.025806451612903226 1.0
0 0.9473118279569892 0.5 0.07096774193548387 1.0
14 0.011827956989247311 0.5 0.010752688172043012 1.0
0 0.9822580645161291 0.5 0.01827956989247312 1.0
0 0.3580645161290323 0.5 0.0064516129032258064 1.0
0 0.5881720430107527 0.5 0.023655913978494623 1.0
